nan 1.000000000000000000e+02
nan 1.100000000000000000e+02
nan 1.200000000000000000e+02
nan 1.300000000000000000e+02
nan 1.400000000000000000e+02
nan 1.500000000000000000e+02
nan 1.600000000000000000e+02
nan 1.700000000000000000e+02
nan 1.800000000000000000e+02
nan 1.900000000000000000e+02
nan 2.000000000000000000e+02
nan 2.100000000000000000e+02
nan 2.200000000000000000e+02
3.075859701708244520e-01 2.300000000000000000e+02
3.452921678225450708e-01 2.400000000000000000e+02
nan 2.500000000000000000e+02
5.576646921269260426e-01 2.600000000000000000e+02
2.224463854057371348e-01 2.700000000000000000e+02
nan 2.800000000000000000e+02
1.994542904647450265e-01 2.900000000000000000e+02
3.927831037912825063e-01 3.000000000000000000e+02
3.831337768477643957e-01 3.100000000000000000e+02
2.910714682358147565e-01 3.200000000000000000e+02
3.284760764552174250e-01 3.300000000000000000e+02
4.483712052462717201e-01 3.400000000000000000e+02
4.063788895218046759e-01 3.500000000000000000e+02
4.304278095577736551e-01 3.600000000000000000e+02
4.159295505714113994e-01 3.700000000000000000e+02
3.775192816205575341e-01 3.800000000000000000e+02
3.949100826549155063e-01 3.900000000000000000e+02
3.929888142298176845e-01 4.000000000000000000e+02
3.439346014582282396e-01 4.100000000000000000e+02
3.230879374962039030e-01 4.200000000000000000e+02
3.797281153736178916e-01 4.300000000000000000e+02
3.583810208097620853e-01 4.400000000000000000e+02
3.628302264282750045e-01 4.500000000000000000e+02
3.551922054283656038e-01 4.600000000000000000e+02
3.120057117373954969e-01 4.700000000000000000e+02
2.998337151182975391e-01 4.800000000000000000e+02
3.554754006221463869e-01 4.900000000000000000e+02
3.427917867859504586e-01 5.000000000000000000e+02
3.393299279600127116e-01 5.100000000000000000e+02
3.507481587976857274e-01 5.200000000000000000e+02
3.252816569204732278e-01 5.300000000000000000e+02
3.326125992648969465e-01 5.400000000000000000e+02
3.333497519668483511e-01 5.500000000000000000e+02
3.098784527989181803e-01 5.600000000000000000e+02
3.241356739079798155e-01 5.700000000000000000e+02
3.184828655334313030e-01 5.800000000000000000e+02
3.101762732239349285e-01 5.900000000000000000e+02
2.921296146386193060e-01 6.000000000000000000e+02
2.932715015132322800e-01 6.100000000000000000e+02
2.991178660388393307e-01 6.200000000000000000e+02
3.008923181138540293e-01 6.300000000000000000e+02
2.834886036150693345e-01 6.400000000000000000e+02
2.893415297237361683e-01 6.500000000000000000e+02
2.898126381459129042e-01 6.600000000000000000e+02
2.886238437056698469e-01 6.700000000000000000e+02
2.780935449894255673e-01 6.800000000000000000e+02
2.818295956206422481e-01 6.900000000000000000e+02
2.765907334810211449e-01 7.000000000000000000e+02
2.699069975700159052e-01 7.100000000000000000e+02
2.704405930612967524e-01 7.200000000000000000e+02
2.701180013941896219e-01 7.300000000000000000e+02
2.636373034100339963e-01 7.400000000000000000e+02
2.570560975235063883e-01 7.500000000000000000e+02
2.566809282204545739e-01 7.600000000000000000e+02
2.562486788535678350e-01 7.700000000000000000e+02
2.570910099692092499e-01 7.800000000000000000e+02
2.501204829183170664e-01 7.900000000000000000e+02
2.457426016051289519e-01 8.000000000000000000e+02
2.381573946247806106e-01 8.100000000000000000e+02
2.417930911605555289e-01 8.200000000000000000e+02
2.363922715015614184e-01 8.300000000000000000e+02
2.379998498770456439e-01 8.400000000000000000e+02
2.414715493249699196e-01 8.500000000000000000e+02
2.340490950320081309e-01 8.600000000000000000e+02
2.355033359161455286e-01 8.700000000000000000e+02
2.268247814461842038e-01 8.800000000000000000e+02
2.232746283925363950e-01 8.900000000000000000e+02
2.164613175431111536e-01 9.000000000000000000e+02
2.256843079653559625e-01 9.100000000000000000e+02
2.176160506645933579e-01 9.200000000000000000e+02
2.173417688432144057e-01 9.300000000000000000e+02
2.182910404849295050e-01 9.400000000000000000e+02
2.136296236317253849e-01 9.500000000000000000e+02
2.083968471887617246e-01 9.600000000000000000e+02
2.116375324568944838e-01 9.700000000000000000e+02
2.101880805599395663e-01 9.800000000000000000e+02
2.130317108388353198e-01 9.900000000000000000e+02
2.100129321528162452e-01 1.000000000000000000e+03
2.032931966343929642e-01 1.010000000000000000e+03
1.975418330855994720e-01 1.020000000000000000e+03
1.924843085452959957e-01 1.030000000000000000e+03
2.011642879245823246e-01 1.040000000000000000e+03
1.983348774892612632e-01 1.050000000000000000e+03
1.965510846930088595e-01 1.060000000000000000e+03
1.965291464605524729e-01 1.070000000000000000e+03
2.006026225939420982e-01 1.080000000000000000e+03
1.895418927024114519e-01 1.090000000000000000e+03
1.886674080419947219e-01 1.100000000000000000e+03
1.872283172097341797e-01 1.110000000000000000e+03
1.880937045500226945e-01 1.120000000000000000e+03
1.827714213020724954e-01 1.130000000000000000e+03
1.876652605339671209e-01 1.140000000000000000e+03
1.813711976105474577e-01 1.150000000000000000e+03
1.761314976936382837e-01 1.160000000000000000e+03
1.835601272353601932e-01 1.170000000000000000e+03
1.776827283162705218e-01 1.180000000000000000e+03
1.777760989557567728e-01 1.190000000000000000e+03
1.785520690535429555e-01 1.200000000000000000e+03
1.795183899151409912e-01 1.210000000000000000e+03
1.779847166659577484e-01 1.220000000000000000e+03
1.737126982616501725e-01 1.230000000000000000e+03
1.710822962840655992e-01 1.240000000000000000e+03
1.724837052569227480e-01 1.250000000000000000e+03
1.691641659884058624e-01 1.260000000000000000e+03
1.686080995189566112e-01 1.270000000000000000e+03
1.709958139164737823e-01 1.280000000000000000e+03
1.683418698648068978e-01 1.290000000000000000e+03
1.635315432521476653e-01 1.300000000000000000e+03
1.676353328452891145e-01 1.310000000000000000e+03
1.613036073659348812e-01 1.320000000000000000e+03
1.648694867407615727e-01 1.330000000000000000e+03
1.660853448851624947e-01 1.340000000000000000e+03
1.622728298233714617e-01 1.350000000000000000e+03
1.639043586207674652e-01 1.360000000000000000e+03
1.644921656515098973e-01 1.370000000000000000e+03
1.597190444967551137e-01 1.380000000000000000e+03
1.585304350548492336e-01 1.390000000000000000e+03
1.581886548998162056e-01 1.400000000000000000e+03
1.603296130860172863e-01 1.410000000000000000e+03
1.523481410129066405e-01 1.420000000000000000e+03
1.504634595513821282e-01 1.430000000000000000e+03
1.552176914568310084e-01 1.440000000000000000e+03
1.556857674631886845e-01 1.450000000000000000e+03
1.524419966065173049e-01 1.460000000000000000e+03
1.516397975827765143e-01 1.470000000000000000e+03
1.524051369278772161e-01 1.480000000000000000e+03
1.493454389806582738e-01 1.490000000000000000e+03
1.494638353519155138e-01 1.500000000000000000e+03
1.526033211783835442e-01 1.510000000000000000e+03
1.447710446084809199e-01 1.520000000000000000e+03
1.470784673557677669e-01 1.530000000000000000e+03
1.468949976597193063e-01 1.540000000000000000e+03
1.440599171015035651e-01 1.550000000000000000e+03
1.485498233074643015e-01 1.560000000000000000e+03
1.498690815862701031e-01 1.570000000000000000e+03
1.494546642266965375e-01 1.580000000000000000e+03
1.462955019477452379e-01 1.590000000000000000e+03
1.414421203886182810e-01 1.600000000000000000e+03
1.431182371164393674e-01 1.610000000000000000e+03
1.395548324096294590e-01 1.620000000000000000e+03
1.420457352804961326e-01 1.630000000000000000e+03
1.442328696395025756e-01 1.640000000000000000e+03
1.383634758119645647e-01 1.650000000000000000e+03
1.415353859509513035e-01 1.660000000000000000e+03
1.410548965821411815e-01 1.670000000000000000e+03
1.372712713083444058e-01 1.680000000000000000e+03
1.444529397206364141e-01 1.690000000000000000e+03
1.353634023582558077e-01 1.700000000000000000e+03
1.388990584254931882e-01 1.710000000000000000e+03
1.399055917684461636e-01 1.720000000000000000e+03
1.357305356232008653e-01 1.730000000000000000e+03
1.373925003783908749e-01 1.740000000000000000e+03
1.342522534160535408e-01 1.750000000000000000e+03
1.346069428284844272e-01 1.760000000000000000e+03
1.323181433872763768e-01 1.770000000000000000e+03
1.304757452791241168e-01 1.780000000000000000e+03
1.309329982803876247e-01 1.790000000000000000e+03
1.323353398238751588e-01 1.800000000000000000e+03
1.315822412838090760e-01 1.810000000000000000e+03
1.341107120621241600e-01 1.820000000000000000e+03
1.318131697340641229e-01 1.830000000000000000e+03
1.318119831504359074e-01 1.840000000000000000e+03
1.265543384276527072e-01 1.850000000000000000e+03
1.313199042155329399e-01 1.860000000000000000e+03
1.272806246029162536e-01 1.870000000000000000e+03
1.287296515887533799e-01 1.880000000000000000e+03
1.295058004261935847e-01 1.890000000000000000e+03
1.290819025301123413e-01 1.900000000000000000e+03
1.271097239576745030e-01 1.910000000000000000e+03
1.236762655257659660e-01 1.920000000000000000e+03
1.263267437577839936e-01 1.930000000000000000e+03
1.242618655856067705e-01 1.940000000000000000e+03
1.245843092860498408e-01 1.950000000000000000e+03
1.208376833610333156e-01 1.960000000000000000e+03
1.231002827114579534e-01 1.970000000000000000e+03
1.237510967419374608e-01 1.980000000000000000e+03
1.213118468787679621e-01 1.990000000000000000e+03
1.239694180451589023e-01 2.000000000000000000e+03
1.206144035775886525e-01 2.010000000000000000e+03
1.196402334371704651e-01 2.020000000000000000e+03
1.245967201787118450e-01 2.030000000000000000e+03
1.233860912910465790e-01 2.040000000000000000e+03
1.197890981022627643e-01 2.050000000000000000e+03
1.198452233204246042e-01 2.060000000000000000e+03
1.194002617912300057e-01 2.070000000000000000e+03
1.208759136009447260e-01 2.080000000000000000e+03
1.187868882529382886e-01 2.090000000000000000e+03
1.187060712328519979e-01 2.100000000000000000e+03
1.184323989908807467e-01 2.110000000000000000e+03
1.180543848188225498e-01 2.120000000000000000e+03
1.222313532977315764e-01 2.130000000000000000e+03
1.167502358736228485e-01 2.140000000000000000e+03
1.192000766480624807e-01 2.150000000000000000e+03
1.168579675555350555e-01 2.160000000000000000e+03
1.174448762065259666e-01 2.170000000000000000e+03
1.146435830820330959e-01 2.180000000000000000e+03
1.168800575660362689e-01 2.190000000000000000e+03
1.194218281092787048e-01 2.200000000000000000e+03
1.168834569412321445e-01 2.210000000000000000e+03
1.165703850569589639e-01 2.220000000000000000e+03
1.117922303517292909e-01 2.230000000000000000e+03
1.153484661628495778e-01 2.240000000000000000e+03
1.151214604094830257e-01 2.250000000000000000e+03
1.122667022146549703e-01 2.260000000000000000e+03
1.130857423314589882e-01 2.270000000000000000e+03
1.152024114100499708e-01 2.280000000000000000e+03
1.124193892119713933e-01 2.290000000000000000e+03
1.122895029369249953e-01 2.300000000000000000e+03
1.110432174247501097e-01 2.310000000000000000e+03
1.102039584551284257e-01 2.320000000000000000e+03
1.128683630087386203e-01 2.330000000000000000e+03
1.124685166189113572e-01 2.340000000000000000e+03
1.081911619061509539e-01 2.350000000000000000e+03
1.111348608413259692e-01 2.360000000000000000e+03
1.107002062021123362e-01 2.370000000000000000e+03
1.078624819310100014e-01 2.380000000000000000e+03
1.107051959796162971e-01 2.390000000000000000e+03
1.085162670935190810e-01 2.400000000000000000e+03
1.096888702954431777e-01 2.410000000000000000e+03
1.088383008381649253e-01 2.420000000000000000e+03
1.084225783794145886e-01 2.430000000000000000e+03
1.070976247202130027e-01 2.440000000000000000e+03
1.082354574036147321e-01 2.450000000000000000e+03
1.056244558636428993e-01 2.460000000000000000e+03
1.063554187570357884e-01 2.470000000000000000e+03
1.078778017197187383e-01 2.480000000000000000e+03
1.080331187707767593e-01 2.490000000000000000e+03
1.051347484886657607e-01 2.500000000000000000e+03
1.049224072008198838e-01 2.510000000000000000e+03
1.070292621618803702e-01 2.520000000000000000e+03
1.065514657219494427e-01 2.530000000000000000e+03
1.032703154230249915e-01 2.540000000000000000e+03
1.031702869479366458e-01 2.550000000000000000e+03
1.077262704849943353e-01 2.560000000000000000e+03
1.059093235980692882e-01 2.570000000000000000e+03
1.058444248773064006e-01 2.580000000000000000e+03
1.059756359887257388e-01 2.590000000000000000e+03
1.030220678319052896e-01 2.600000000000000000e+03
1.039398767040861371e-01 2.610000000000000000e+03
1.027884344786730297e-01 2.620000000000000000e+03
1.065640235343558451e-01 2.630000000000000000e+03
9.942352388077901892e-02 2.640000000000000000e+03
1.046124786920397259e-01 2.650000000000000000e+03
1.048796717314954691e-01 2.660000000000000000e+03
1.013358929631026778e-01 2.670000000000000000e+03
1.007996626604477086e-01 2.680000000000000000e+03
1.023631255217092445e-01 2.690000000000000000e+03
1.055936117506446753e-01 2.700000000000000000e+03
9.865854559845840810e-02 2.710000000000000000e+03
1.033292199592047017e-01 2.720000000000000000e+03
1.004666037795140243e-01 2.730000000000000000e+03
1.024187371147337183e-01 2.740000000000000000e+03
9.854303386617502269e-02 2.750000000000000000e+03
1.000133197272450453e-01 2.760000000000000000e+03
1.039006902691199385e-01 2.770000000000000000e+03
1.003122807963774676e-01 2.780000000000000000e+03
9.994800073743205504e-02 2.790000000000000000e+03
9.971980661845583627e-02 2.800000000000000000e+03
9.801045425230438257e-02 2.810000000000000000e+03
9.818655094508930981e-02 2.820000000000000000e+03
9.930579210303550064e-02 2.830000000000000000e+03
9.641362005966512549e-02 2.840000000000000000e+03
9.971557593167379441e-02 2.850000000000000000e+03
9.927070299667559161e-02 2.860000000000000000e+03
9.829520599501259670e-02 2.870000000000000000e+03
9.855687648187654026e-02 2.880000000000000000e+03
1.000596337003732961e-01 2.890000000000000000e+03
9.649515284661010217e-02 2.900000000000000000e+03
1.005693353742704577e-01 2.910000000000000000e+03
9.617085074466429073e-02 2.920000000000000000e+03
9.564159239422251324e-02 2.930000000000000000e+03
9.567247947303311739e-02 2.940000000000000000e+03
9.906157286445377297e-02 2.950000000000000000e+03
9.684291742684228432e-02 2.960000000000000000e+03
9.861167262535518174e-02 2.970000000000000000e+03
9.653895179158568374e-02 2.980000000000000000e+03
9.771271891223431982e-02 2.990000000000000000e+03
9.572233809911220859e-02 3.000000000000000000e+03
9.666350987510555215e-02 3.010000000000000000e+03
9.436627424467451675e-02 3.020000000000000000e+03
9.823364527364804311e-02 3.030000000000000000e+03
9.412423548623849445e-02 3.040000000000000000e+03
9.281875114587856412e-02 3.050000000000000000e+03
9.486918130253760295e-02 3.060000000000000000e+03
9.476753644739054072e-02 3.070000000000000000e+03
9.465292427878507775e-02 3.080000000000000000e+03
9.621517234443745237e-02 3.090000000000000000e+03
9.521967553127973216e-02 3.100000000000000000e+03
9.493390326681208635e-02 3.110000000000000000e+03
9.686587167645063778e-02 3.120000000000000000e+03
9.303539234989258166e-02 3.130000000000000000e+03
9.411487759153651378e-02 3.140000000000000000e+03
9.218192390822238513e-02 3.150000000000000000e+03
9.337318407647929308e-02 3.160000000000000000e+03
9.343470759406623249e-02 3.170000000000000000e+03
9.103690722894633436e-02 3.180000000000000000e+03
9.474422100415370862e-02 3.190000000000000000e+03
9.530209153704365110e-02 3.200000000000000000e+03
