nan 1.000000000000000000e+02
nan 1.100000000000000000e+02
nan 1.200000000000000000e+02
nan 1.300000000000000000e+02
nan 1.400000000000000000e+02
4.769626426671166319e-01 1.500000000000000000e+02
nan 1.600000000000000000e+02
1.771316600723876478e-01 1.700000000000000000e+02
4.489460396784507590e-01 1.800000000000000000e+02
5.564256826342286466e-01 1.900000000000000000e+02
6.199825174831996577e-01 2.000000000000000000e+02
6.171973139992303903e-01 2.100000000000000000e+02
6.481548355563961916e-01 2.200000000000000000e+02
9.573040237952379350e-01 2.300000000000000000e+02
7.434247007464913626e-01 2.400000000000000000e+02
7.333523392055614210e-01 2.500000000000000000e+02
7.655073356270979401e-01 2.600000000000000000e+02
7.536752794357381990e-01 2.700000000000000000e+02
6.986717775523094698e-01 2.800000000000000000e+02
7.633664209914928778e-01 2.900000000000000000e+02
7.255620266726221512e-01 3.000000000000000000e+02
6.406613328383760075e-01 3.100000000000000000e+02
7.176855686571684823e-01 3.200000000000000000e+02
7.808009822157713220e-01 3.300000000000000000e+02
7.619092166817460487e-01 3.400000000000000000e+02
7.370148000978279379e-01 3.500000000000000000e+02
8.368007268803283605e-01 3.600000000000000000e+02
7.983373033364127291e-01 3.700000000000000000e+02
7.275500890868946691e-01 3.800000000000000000e+02
7.467113660310144008e-01 3.900000000000000000e+02
7.861511073074999301e-01 4.000000000000000000e+02
7.182458893640182307e-01 4.100000000000000000e+02
7.507094151056815656e-01 4.200000000000000000e+02
6.448082987030919755e-01 4.300000000000000000e+02
7.414312773835372017e-01 4.400000000000000000e+02
5.424329044383963128e-01 4.500000000000000000e+02
6.858997543602153302e-01 4.600000000000000000e+02
6.484328399086061179e-01 4.700000000000000000e+02
4.914060319908670760e-01 4.800000000000000000e+02
5.785001840506592830e-01 4.900000000000000000e+02
5.280313750449771026e-01 5.000000000000000000e+02
5.210962682579867167e-01 5.100000000000000000e+02
5.192314259764647666e-01 5.200000000000000000e+02
5.078225854634260683e-01 5.300000000000000000e+02
4.513272974214390665e-01 5.400000000000000000e+02
4.689754112514656348e-01 5.500000000000000000e+02
4.716674369540889145e-01 5.600000000000000000e+02
4.144407523888677947e-01 5.700000000000000000e+02
4.527495046328348094e-01 5.800000000000000000e+02
4.093587631636991242e-01 5.900000000000000000e+02
4.195399725629105347e-01 6.000000000000000000e+02
4.010343993536101825e-01 6.100000000000000000e+02
3.724536981206075237e-01 6.200000000000000000e+02
3.664845434806506819e-01 6.300000000000000000e+02
3.831862593191405209e-01 6.400000000000000000e+02
3.616913885334766543e-01 6.500000000000000000e+02
3.511854227872620027e-01 6.600000000000000000e+02
3.530524478659756160e-01 6.700000000000000000e+02
3.455766414157064870e-01 6.800000000000000000e+02
3.531362464384080191e-01 6.900000000000000000e+02
3.512565079478199848e-01 7.000000000000000000e+02
3.371195182702224069e-01 7.100000000000000000e+02
3.387466914849335264e-01 7.200000000000000000e+02
3.382749812976519888e-01 7.300000000000000000e+02
3.311892840228391477e-01 7.400000000000000000e+02
3.226882999963979204e-01 7.500000000000000000e+02
3.268328439391582907e-01 7.600000000000000000e+02
3.223774537409729302e-01 7.700000000000000000e+02
3.257814376979340509e-01 7.800000000000000000e+02
3.254693333552427514e-01 7.900000000000000000e+02
3.218505702054059170e-01 8.000000000000000000e+02
3.160293571678586821e-01 8.100000000000000000e+02
3.197458352697870598e-01 8.200000000000000000e+02
3.185827546866533688e-01 8.300000000000000000e+02
3.097814035424887313e-01 8.400000000000000000e+02
3.113686068541844376e-01 8.500000000000000000e+02
3.168323334702964345e-01 8.600000000000000000e+02
3.142426440905828899e-01 8.700000000000000000e+02
3.030546039277479675e-01 8.800000000000000000e+02
3.101611406524522052e-01 8.900000000000000000e+02
3.077713107165485629e-01 9.000000000000000000e+02
3.082903648465104562e-01 9.100000000000000000e+02
3.029363535423038600e-01 9.200000000000000000e+02
3.038336353361246189e-01 9.300000000000000000e+02
2.968970797464119404e-01 9.400000000000000000e+02
3.038700454977734666e-01 9.500000000000000000e+02
3.039357805987763506e-01 9.600000000000000000e+02
3.031834198065765373e-01 9.700000000000000000e+02
3.001119860057665512e-01 9.800000000000000000e+02
2.999968660408250387e-01 9.900000000000000000e+02
2.967486228288924721e-01 1.000000000000000000e+03
2.971419541866259229e-01 1.010000000000000000e+03
2.972176850438353335e-01 1.020000000000000000e+03
3.014787049114498463e-01 1.030000000000000000e+03
2.924843576565515635e-01 1.040000000000000000e+03
2.938943123403575663e-01 1.050000000000000000e+03
2.923793221127496955e-01 1.060000000000000000e+03
2.977735864517291886e-01 1.070000000000000000e+03
2.951776655810525174e-01 1.080000000000000000e+03
2.969783469460603453e-01 1.090000000000000000e+03
2.872073787885706664e-01 1.100000000000000000e+03
2.906445181852397308e-01 1.110000000000000000e+03
2.930707264865244355e-01 1.120000000000000000e+03
2.931410051579175780e-01 1.130000000000000000e+03
2.886801413939983352e-01 1.140000000000000000e+03
2.893148077996223755e-01 1.150000000000000000e+03
2.863604616873120512e-01 1.160000000000000000e+03
2.907622584263952481e-01 1.170000000000000000e+03
2.820348276719316094e-01 1.180000000000000000e+03
2.794522589706722182e-01 1.190000000000000000e+03
2.905952104977415074e-01 1.200000000000000000e+03
2.863829222965820209e-01 1.210000000000000000e+03
2.855065567271302118e-01 1.220000000000000000e+03
2.815895698606429298e-01 1.230000000000000000e+03
2.891692025663312182e-01 1.240000000000000000e+03
2.885669472561650517e-01 1.250000000000000000e+03
2.776748811789177540e-01 1.260000000000000000e+03
2.830476620530454346e-01 1.270000000000000000e+03
2.832870562517591506e-01 1.280000000000000000e+03
2.819010707336577770e-01 1.290000000000000000e+03
2.837538396840080246e-01 1.300000000000000000e+03
2.826890396903965486e-01 1.310000000000000000e+03
2.780604877622460114e-01 1.320000000000000000e+03
2.826657980839705764e-01 1.330000000000000000e+03
2.769893978698065862e-01 1.340000000000000000e+03
2.800436754387136684e-01 1.350000000000000000e+03
2.862104661081888435e-01 1.360000000000000000e+03
2.818559762941645341e-01 1.370000000000000000e+03
2.769597035747202729e-01 1.380000000000000000e+03
2.804594394364318122e-01 1.390000000000000000e+03
2.750813349317130507e-01 1.400000000000000000e+03
2.789990091073332179e-01 1.410000000000000000e+03
2.807484499432315039e-01 1.420000000000000000e+03
2.780633205160811250e-01 1.430000000000000000e+03
2.770605184195870652e-01 1.440000000000000000e+03
2.759772468216017405e-01 1.450000000000000000e+03
2.804057006942322627e-01 1.460000000000000000e+03
2.738529665745732533e-01 1.470000000000000000e+03
2.794860020628193720e-01 1.480000000000000000e+03
2.750114176718841952e-01 1.490000000000000000e+03
2.714749684018037956e-01 1.500000000000000000e+03
2.723062070624447939e-01 1.510000000000000000e+03
2.746724519759666805e-01 1.520000000000000000e+03
2.735251802710262914e-01 1.530000000000000000e+03
2.769442419780767661e-01 1.540000000000000000e+03
2.743082047251577671e-01 1.550000000000000000e+03
2.722943157088763000e-01 1.560000000000000000e+03
2.709731222045494992e-01 1.570000000000000000e+03
2.762754581984104840e-01 1.580000000000000000e+03
2.734014188508726018e-01 1.590000000000000000e+03
2.714936567361548869e-01 1.600000000000000000e+03
2.713194539198889865e-01 1.610000000000000000e+03
2.737498488120184703e-01 1.620000000000000000e+03
2.760521018325156617e-01 1.630000000000000000e+03
2.713143562746558879e-01 1.640000000000000000e+03
2.681086352810412299e-01 1.650000000000000000e+03
2.702853368057470118e-01 1.660000000000000000e+03
2.722135509356986560e-01 1.670000000000000000e+03
2.721827766227791212e-01 1.680000000000000000e+03
2.701255786634079170e-01 1.690000000000000000e+03
2.678357846891440963e-01 1.700000000000000000e+03
2.686027047918925215e-01 1.710000000000000000e+03
2.659495157522377973e-01 1.720000000000000000e+03
2.702875172823193672e-01 1.730000000000000000e+03
2.717381434800241746e-01 1.740000000000000000e+03
2.669689010598851331e-01 1.750000000000000000e+03
2.698870779512198004e-01 1.760000000000000000e+03
2.679546673039114313e-01 1.770000000000000000e+03
2.655696949080772473e-01 1.780000000000000000e+03
2.723610230277496158e-01 1.790000000000000000e+03
2.708428252897660538e-01 1.800000000000000000e+03
2.665807481040112781e-01 1.810000000000000000e+03
2.689503670059714691e-01 1.820000000000000000e+03
2.644710731561378814e-01 1.830000000000000000e+03
2.703154886346298413e-01 1.840000000000000000e+03
2.711044458530322276e-01 1.850000000000000000e+03
2.686655304925599785e-01 1.860000000000000000e+03
2.679953953371364550e-01 1.870000000000000000e+03
2.680444872202660811e-01 1.880000000000000000e+03
2.664953413045492714e-01 1.890000000000000000e+03
2.690620066195694160e-01 1.900000000000000000e+03
2.656635247226075691e-01 1.910000000000000000e+03
2.659259069541267673e-01 1.920000000000000000e+03
2.691549858519051153e-01 1.930000000000000000e+03
2.634679023548835430e-01 1.940000000000000000e+03
2.695003154347004326e-01 1.950000000000000000e+03
2.671782569392287532e-01 1.960000000000000000e+03
2.675978291271586262e-01 1.970000000000000000e+03
2.653064513015430115e-01 1.980000000000000000e+03
2.641686485393250350e-01 1.990000000000000000e+03
2.658802076646469836e-01 2.000000000000000000e+03
2.630027865299250922e-01 2.010000000000000000e+03
2.659914172096806695e-01 2.020000000000000000e+03
2.650123639395806641e-01 2.030000000000000000e+03
2.632530702304554659e-01 2.040000000000000000e+03
2.626425559048319869e-01 2.050000000000000000e+03
2.608539798558650591e-01 2.060000000000000000e+03
2.652023519017955300e-01 2.070000000000000000e+03
2.659310841543921500e-01 2.080000000000000000e+03
2.622245775689170944e-01 2.090000000000000000e+03
2.670207501098907366e-01 2.100000000000000000e+03
2.627882383132142396e-01 2.110000000000000000e+03
2.680017746761791386e-01 2.120000000000000000e+03
2.642415375237316399e-01 2.130000000000000000e+03
2.633314273920198678e-01 2.140000000000000000e+03
2.629255760968487454e-01 2.150000000000000000e+03
2.690006096701317295e-01 2.160000000000000000e+03
2.660846429758936815e-01 2.170000000000000000e+03
2.630106446056086900e-01 2.180000000000000000e+03
2.611428774041915091e-01 2.190000000000000000e+03
2.611201296753407064e-01 2.200000000000000000e+03
2.615225183522352781e-01 2.210000000000000000e+03
2.631854763964177613e-01 2.220000000000000000e+03
2.604933164671069390e-01 2.230000000000000000e+03
2.575489080050883950e-01 2.240000000000000000e+03
2.609953926371840205e-01 2.250000000000000000e+03
2.580522344876438612e-01 2.260000000000000000e+03
2.601344006978296708e-01 2.270000000000000000e+03
2.605624644161032566e-01 2.280000000000000000e+03
2.615330732561651494e-01 2.290000000000000000e+03
2.622488951718167649e-01 2.300000000000000000e+03
2.583798600842017179e-01 2.310000000000000000e+03
2.650292722747227825e-01 2.320000000000000000e+03
2.602070066369344126e-01 2.330000000000000000e+03
2.604084461417125462e-01 2.340000000000000000e+03
2.608595725175385516e-01 2.350000000000000000e+03
2.629889693748431734e-01 2.360000000000000000e+03
2.561063766977435541e-01 2.370000000000000000e+03
2.562386621344566184e-01 2.380000000000000000e+03
2.566109429372156470e-01 2.390000000000000000e+03
2.627601109115202394e-01 2.400000000000000000e+03
2.605365663715759617e-01 2.410000000000000000e+03
2.597629930047956615e-01 2.420000000000000000e+03
2.588283146423546177e-01 2.430000000000000000e+03
2.593737440173097819e-01 2.440000000000000000e+03
2.628292239239662376e-01 2.450000000000000000e+03
2.577895756932371274e-01 2.460000000000000000e+03
2.562900517759692520e-01 2.470000000000000000e+03
2.556685736774849671e-01 2.480000000000000000e+03
2.625714752021056642e-01 2.490000000000000000e+03
2.543101150547900646e-01 2.500000000000000000e+03
2.590280263614213041e-01 2.510000000000000000e+03
2.584000349345583203e-01 2.520000000000000000e+03
2.532941901938873808e-01 2.530000000000000000e+03
2.566767641309851689e-01 2.540000000000000000e+03
2.550146628058618248e-01 2.550000000000000000e+03
2.563921323599591684e-01 2.560000000000000000e+03
2.607495699508593501e-01 2.570000000000000000e+03
2.645669717179948699e-01 2.580000000000000000e+03
2.576949966191592334e-01 2.590000000000000000e+03
2.566169935744422315e-01 2.600000000000000000e+03
2.575276891423051162e-01 2.610000000000000000e+03
2.547036180084718548e-01 2.620000000000000000e+03
2.605094586271892720e-01 2.630000000000000000e+03
2.574110161335761426e-01 2.640000000000000000e+03
2.571779206338376533e-01 2.650000000000000000e+03
2.574324036811618810e-01 2.660000000000000000e+03
2.570810305296457599e-01 2.670000000000000000e+03
2.597153352809312143e-01 2.680000000000000000e+03
2.579406578741931244e-01 2.690000000000000000e+03
2.581867686902358794e-01 2.700000000000000000e+03
2.559398406328794451e-01 2.710000000000000000e+03
2.580594946159400216e-01 2.720000000000000000e+03
2.589980884884791612e-01 2.730000000000000000e+03
2.585133900582654021e-01 2.740000000000000000e+03
2.612296370604636486e-01 2.750000000000000000e+03
2.584375310052263730e-01 2.760000000000000000e+03
2.623788551424180437e-01 2.770000000000000000e+03
2.568258174811272609e-01 2.780000000000000000e+03
2.635409575738619781e-01 2.790000000000000000e+03
2.577587217755269444e-01 2.800000000000000000e+03
2.555686644474597924e-01 2.810000000000000000e+03
2.573471326740334186e-01 2.820000000000000000e+03
2.613387310448110901e-01 2.830000000000000000e+03
2.585250482167941177e-01 2.840000000000000000e+03
2.580833876037862407e-01 2.850000000000000000e+03
2.585080788511665006e-01 2.860000000000000000e+03
2.623140164609588654e-01 2.870000000000000000e+03
2.602602168929540882e-01 2.880000000000000000e+03
2.565906434638712263e-01 2.890000000000000000e+03
2.575490781706371579e-01 2.900000000000000000e+03
2.542535847027130869e-01 2.910000000000000000e+03
2.576144629160659338e-01 2.920000000000000000e+03
2.595328462671980807e-01 2.930000000000000000e+03
2.636842294941801335e-01 2.940000000000000000e+03
2.618283389429219010e-01 2.950000000000000000e+03
2.581950697186500276e-01 2.960000000000000000e+03
2.561588219084620088e-01 2.970000000000000000e+03
2.577453122746760084e-01 2.980000000000000000e+03
2.578471191180977673e-01 2.990000000000000000e+03
2.539705739953760366e-01 3.000000000000000000e+03
2.568637316397999193e-01 3.010000000000000000e+03
2.549290111709254236e-01 3.020000000000000000e+03
2.568641378846139300e-01 3.030000000000000000e+03
2.586535185742315779e-01 3.040000000000000000e+03
2.555133509115468660e-01 3.050000000000000000e+03
2.555577997970925885e-01 3.060000000000000000e+03
2.598958784268576849e-01 3.070000000000000000e+03
2.604570115812630537e-01 3.080000000000000000e+03
2.589446724135894273e-01 3.090000000000000000e+03
2.598110667756043379e-01 3.100000000000000000e+03
2.566196728970725482e-01 3.110000000000000000e+03
2.626329593134543172e-01 3.120000000000000000e+03
2.560505476163509875e-01 3.130000000000000000e+03
2.568065366710408082e-01 3.140000000000000000e+03
2.534853694259885937e-01 3.150000000000000000e+03
2.570954066049478404e-01 3.160000000000000000e+03
2.591897906969192755e-01 3.170000000000000000e+03
2.604749475167307815e-01 3.180000000000000000e+03
2.567756829963549481e-01 3.190000000000000000e+03
2.554536863217906073e-01 3.200000000000000000e+03
