nan 1.000000000000000000e+02
nan 1.100000000000000000e+02
nan 1.200000000000000000e+02
nan 1.300000000000000000e+02
nan 1.400000000000000000e+02
nan 1.500000000000000000e+02
nan 1.600000000000000000e+02
nan 1.700000000000000000e+02
nan 1.800000000000000000e+02
nan 1.900000000000000000e+02
nan 2.000000000000000000e+02
nan 2.100000000000000000e+02
nan 2.200000000000000000e+02
nan 2.300000000000000000e+02
nan 2.400000000000000000e+02
nan 2.500000000000000000e+02
nan 2.600000000000000000e+02
nan 2.700000000000000000e+02
1.343261422806453775e-01 2.800000000000000000e+02
3.516588324118328224e-01 2.900000000000000000e+02
4.014258416403235219e-01 3.000000000000000000e+02
3.699861604808096227e-01 3.100000000000000000e+02
3.272236282457769985e-01 3.200000000000000000e+02
3.577057315864890508e-01 3.300000000000000000e+02
3.594906597804549686e-01 3.400000000000000000e+02
3.080611885353681245e-01 3.500000000000000000e+02
3.714117452202643221e-01 3.600000000000000000e+02
2.995409399920119231e-01 3.700000000000000000e+02
3.160899477149797243e-01 3.800000000000000000e+02
3.543079348791858818e-01 3.900000000000000000e+02
2.749709786003147194e-01 4.000000000000000000e+02
3.026336897159216388e-01 4.100000000000000000e+02
2.885772711571836235e-01 4.200000000000000000e+02
2.900839052736707280e-01 4.300000000000000000e+02
2.760929618733592439e-01 4.400000000000000000e+02
2.756037754032806819e-01 4.500000000000000000e+02
2.848955913019322050e-01 4.600000000000000000e+02
2.645024491552938062e-01 4.700000000000000000e+02
2.891318428367812277e-01 4.800000000000000000e+02
2.717707511506402551e-01 4.900000000000000000e+02
2.667824120637224961e-01 5.000000000000000000e+02
2.690508760139675992e-01 5.100000000000000000e+02
2.638360105438721237e-01 5.200000000000000000e+02
2.548314434067352474e-01 5.300000000000000000e+02
2.540025917834497493e-01 5.400000000000000000e+02
2.483941265177354862e-01 5.500000000000000000e+02
2.406446281733599091e-01 5.600000000000000000e+02
2.415513474564283669e-01 5.700000000000000000e+02
2.380306878929669967e-01 5.800000000000000000e+02
2.402271875899047171e-01 5.900000000000000000e+02
2.350911741811755051e-01 6.000000000000000000e+02
2.322865810069598136e-01 6.100000000000000000e+02
2.237122941486093253e-01 6.200000000000000000e+02
2.164280935890313673e-01 6.300000000000000000e+02
2.247695546699997882e-01 6.400000000000000000e+02
2.189789563699330865e-01 6.500000000000000000e+02
2.220737615229921580e-01 6.600000000000000000e+02
2.185276233566785797e-01 6.700000000000000000e+02
2.013038077265092152e-01 6.800000000000000000e+02
2.088267792942403722e-01 6.900000000000000000e+02
2.081547898109201156e-01 7.000000000000000000e+02
2.023461397961505703e-01 7.100000000000000000e+02
2.014816009038844502e-01 7.200000000000000000e+02
1.985775852797250218e-01 7.300000000000000000e+02
1.902828934358387347e-01 7.400000000000000000e+02
1.913770884846872911e-01 7.500000000000000000e+02
1.921439805585200555e-01 7.600000000000000000e+02
1.904358196889856525e-01 7.700000000000000000e+02
1.924276292200665095e-01 7.800000000000000000e+02
1.821777771803800849e-01 7.900000000000000000e+02
1.812096368473778696e-01 8.000000000000000000e+02
1.770482447386115821e-01 8.100000000000000000e+02
1.815879246575524408e-01 8.200000000000000000e+02
1.763345644468719831e-01 8.300000000000000000e+02
1.766823443613143862e-01 8.400000000000000000e+02
1.744839397102214418e-01 8.500000000000000000e+02
1.696434914063370269e-01 8.600000000000000000e+02
1.729399492546260242e-01 8.700000000000000000e+02
1.710845187010488211e-01 8.800000000000000000e+02
1.663287660274942459e-01 8.900000000000000000e+02
1.678038258808230709e-01 9.000000000000000000e+02
1.675580572833164916e-01 9.100000000000000000e+02
1.673603000248171380e-01 9.200000000000000000e+02
1.606325564164013953e-01 9.300000000000000000e+02
1.587618857077151557e-01 9.400000000000000000e+02
1.526802819022309854e-01 9.500000000000000000e+02
1.596839592500453597e-01 9.600000000000000000e+02
1.557482566444308436e-01 9.700000000000000000e+02
1.520885008666924831e-01 9.800000000000000000e+02
1.497175434943002759e-01 9.900000000000000000e+02
1.571085511101781851e-01 1.000000000000000000e+03
1.521105097778663318e-01 1.010000000000000000e+03
1.519205022205905309e-01 1.020000000000000000e+03
1.456689166324547369e-01 1.030000000000000000e+03
1.499707923611625915e-01 1.040000000000000000e+03
1.478148556386274515e-01 1.050000000000000000e+03
1.455475677168922843e-01 1.060000000000000000e+03
1.490024598067016814e-01 1.070000000000000000e+03
1.435441788457417212e-01 1.080000000000000000e+03
1.409870973873878497e-01 1.090000000000000000e+03
1.384655831448872443e-01 1.100000000000000000e+03
1.402177013601507705e-01 1.110000000000000000e+03
1.364355749152679487e-01 1.120000000000000000e+03
1.347768804439130053e-01 1.130000000000000000e+03
1.381987001395051096e-01 1.140000000000000000e+03
1.362395035631547568e-01 1.150000000000000000e+03
1.307322298243023539e-01 1.160000000000000000e+03
1.337767655396787103e-01 1.170000000000000000e+03
1.314936250476773927e-01 1.180000000000000000e+03
1.320801360253587575e-01 1.190000000000000000e+03
1.336520348374691802e-01 1.200000000000000000e+03
1.283921138413595675e-01 1.210000000000000000e+03
1.336164885662381729e-01 1.220000000000000000e+03
1.299434701385955571e-01 1.230000000000000000e+03
1.286446588290111326e-01 1.240000000000000000e+03
1.298785373178323599e-01 1.250000000000000000e+03
1.232513759349426613e-01 1.260000000000000000e+03
1.255174443797620887e-01 1.270000000000000000e+03
1.254029456910184526e-01 1.280000000000000000e+03
1.243651142563107492e-01 1.290000000000000000e+03
1.255673449696196042e-01 1.300000000000000000e+03
1.254195881101347609e-01 1.310000000000000000e+03
1.230692389046022933e-01 1.320000000000000000e+03
1.225196717982519751e-01 1.330000000000000000e+03
1.214042836761690808e-01 1.340000000000000000e+03
1.196877108351710461e-01 1.350000000000000000e+03
1.180289493779451554e-01 1.360000000000000000e+03
1.209259919149887202e-01 1.370000000000000000e+03
1.161425773636541869e-01 1.380000000000000000e+03
1.188773149355872166e-01 1.390000000000000000e+03
1.170574333367454672e-01 1.400000000000000000e+03
1.177802870777724942e-01 1.410000000000000000e+03
1.161456955738646435e-01 1.420000000000000000e+03
1.171877239609703802e-01 1.430000000000000000e+03
1.141337367975711475e-01 1.440000000000000000e+03
1.174130978692269345e-01 1.450000000000000000e+03
1.135533160748286169e-01 1.460000000000000000e+03
1.119824881804953459e-01 1.470000000000000000e+03
1.121294320648472120e-01 1.480000000000000000e+03
1.110287803029933601e-01 1.490000000000000000e+03
1.108477830628298855e-01 1.500000000000000000e+03
1.098249446324586903e-01 1.510000000000000000e+03
1.096148859008885812e-01 1.520000000000000000e+03
1.099471387281091700e-01 1.530000000000000000e+03
1.098296564218183419e-01 1.540000000000000000e+03
1.085782060899788543e-01 1.550000000000000000e+03
1.064405164501392720e-01 1.560000000000000000e+03
1.072543085719265127e-01 1.570000000000000000e+03
1.096667196932859384e-01 1.580000000000000000e+03
1.068560802877317195e-01 1.590000000000000000e+03
1.048337863853754381e-01 1.600000000000000000e+03
1.068653126722825114e-01 1.610000000000000000e+03
1.065758006780725964e-01 1.620000000000000000e+03
1.053639209640242214e-01 1.630000000000000000e+03
1.059222615681065238e-01 1.640000000000000000e+03
1.064098548962030821e-01 1.650000000000000000e+03
1.058282896125917055e-01 1.660000000000000000e+03
1.044648718606456389e-01 1.670000000000000000e+03
1.026584151795608413e-01 1.680000000000000000e+03
1.015490464120775149e-01 1.690000000000000000e+03
1.032837459919700718e-01 1.700000000000000000e+03
1.019353290480964347e-01 1.710000000000000000e+03
1.017938227536728801e-01 1.720000000000000000e+03
1.003704439591506237e-01 1.730000000000000000e+03
1.001954398359403836e-01 1.740000000000000000e+03
1.005084019106401438e-01 1.750000000000000000e+03
1.005287029263951804e-01 1.760000000000000000e+03
9.749818153818336219e-02 1.770000000000000000e+03
1.000168457243358344e-01 1.780000000000000000e+03
1.002246927561357692e-01 1.790000000000000000e+03
1.007502456102590260e-01 1.800000000000000000e+03
1.007083891409300408e-01 1.810000000000000000e+03
9.799211132570886940e-02 1.820000000000000000e+03
9.965769052430410724e-02 1.830000000000000000e+03
1.002522659545545258e-01 1.840000000000000000e+03
9.434362233368452644e-02 1.850000000000000000e+03
9.550555402330204724e-02 1.860000000000000000e+03
9.595210801949648205e-02 1.870000000000000000e+03
9.424243892534661660e-02 1.880000000000000000e+03
9.669046337344076869e-02 1.890000000000000000e+03
9.847989970274108329e-02 1.900000000000000000e+03
9.453380039586004036e-02 1.910000000000000000e+03
9.659280015826560151e-02 1.920000000000000000e+03
9.776590921442150639e-02 1.930000000000000000e+03
9.543013311758313799e-02 1.940000000000000000e+03
9.257772067598479815e-02 1.950000000000000000e+03
9.530069337883746716e-02 1.960000000000000000e+03
9.446800612796034391e-02 1.970000000000000000e+03
9.158703465165746183e-02 1.980000000000000000e+03
9.131664175088943791e-02 1.990000000000000000e+03
8.840234057076307161e-02 2.000000000000000000e+03
9.281778635774741437e-02 2.010000000000000000e+03
9.095035534514532560e-02 2.020000000000000000e+03
9.292673939524617732e-02 2.030000000000000000e+03
9.057902097213027526e-02 2.040000000000000000e+03
9.092328340253491570e-02 2.050000000000000000e+03
8.965068099829874571e-02 2.060000000000000000e+03
9.007775583563729094e-02 2.070000000000000000e+03
9.145521609025880627e-02 2.080000000000000000e+03
9.049371432545336158e-02 2.090000000000000000e+03
9.002728642207682985e-02 2.100000000000000000e+03
9.118144600919936282e-02 2.110000000000000000e+03
8.782231058730040341e-02 2.120000000000000000e+03
8.873897969773390793e-02 2.130000000000000000e+03
8.812701883253698520e-02 2.140000000000000000e+03
9.241405274532336900e-02 2.150000000000000000e+03
8.960978256328262781e-02 2.160000000000000000e+03
8.991807832954301638e-02 2.170000000000000000e+03
8.739495427108424919e-02 2.180000000000000000e+03
8.860262982146140109e-02 2.190000000000000000e+03
8.838580160209741354e-02 2.200000000000000000e+03
8.656446853068033853e-02 2.210000000000000000e+03
8.748597812227684734e-02 2.220000000000000000e+03
8.823065600929165531e-02 2.230000000000000000e+03
8.522930371537341954e-02 2.240000000000000000e+03
8.628597923395525671e-02 2.250000000000000000e+03
8.677637252542876045e-02 2.260000000000000000e+03
8.586929629091245852e-02 2.270000000000000000e+03
8.772047314862205236e-02 2.280000000000000000e+03
8.466410368456861457e-02 2.290000000000000000e+03
8.655355088061318647e-02 2.300000000000000000e+03
8.479170636678341755e-02 2.310000000000000000e+03
8.554659999841303375e-02 2.320000000000000000e+03
8.596045952429966219e-02 2.330000000000000000e+03
8.437299336744703837e-02 2.340000000000000000e+03
8.359154396678251941e-02 2.350000000000000000e+03
8.510303110807264371e-02 2.360000000000000000e+03
8.496700176368950086e-02 2.370000000000000000e+03
8.369571160662180043e-02 2.380000000000000000e+03
8.283928713412809508e-02 2.390000000000000000e+03
8.438977523528530533e-02 2.400000000000000000e+03
8.291753029268150721e-02 2.410000000000000000e+03
8.454019694592267153e-02 2.420000000000000000e+03
8.257342624228475314e-02 2.430000000000000000e+03
8.198134017142823249e-02 2.440000000000000000e+03
8.367082723632524033e-02 2.450000000000000000e+03
8.143332778830540686e-02 2.460000000000000000e+03
8.182069464989098762e-02 2.470000000000000000e+03
8.339077135025683984e-02 2.480000000000000000e+03
8.117199361805409186e-02 2.490000000000000000e+03
8.178724081357068021e-02 2.500000000000000000e+03
8.250795939666623335e-02 2.510000000000000000e+03
8.126025473377697372e-02 2.520000000000000000e+03
8.047748858183224885e-02 2.530000000000000000e+03
7.899691573696798752e-02 2.540000000000000000e+03
8.241088524511873403e-02 2.550000000000000000e+03
7.953834540444312817e-02 2.560000000000000000e+03
7.878076039988131385e-02 2.570000000000000000e+03
8.371072034604902512e-02 2.580000000000000000e+03
8.047073159875689496e-02 2.590000000000000000e+03
7.999855394981876533e-02 2.600000000000000000e+03
8.148880063589669653e-02 2.610000000000000000e+03
7.920584306549113829e-02 2.620000000000000000e+03
7.959132341020616619e-02 2.630000000000000000e+03
7.977094943274756766e-02 2.640000000000000000e+03
8.125348591148236210e-02 2.650000000000000000e+03
7.919647642672661414e-02 2.660000000000000000e+03
8.019512569610551256e-02 2.670000000000000000e+03
7.767770840452034586e-02 2.680000000000000000e+03
7.910056719141449200e-02 2.690000000000000000e+03
7.824629607896055328e-02 2.700000000000000000e+03
7.850430858134320455e-02 2.710000000000000000e+03
7.671849923291873541e-02 2.720000000000000000e+03
7.798121925668635712e-02 2.730000000000000000e+03
7.755295810060999773e-02 2.740000000000000000e+03
7.809883843313811247e-02 2.750000000000000000e+03
7.832206940831726305e-02 2.760000000000000000e+03
7.661447739942336965e-02 2.770000000000000000e+03
7.445953205405723974e-02 2.780000000000000000e+03
7.734545930798733537e-02 2.790000000000000000e+03
7.810034263823655010e-02 2.800000000000000000e+03
7.670375199258255838e-02 2.810000000000000000e+03
7.536987379461158876e-02 2.820000000000000000e+03
7.682789964296606045e-02 2.830000000000000000e+03
7.548381676509496874e-02 2.840000000000000000e+03
7.594045908809599066e-02 2.850000000000000000e+03
7.593268934940540504e-02 2.860000000000000000e+03
7.752379540824601289e-02 2.870000000000000000e+03
7.527383718602624618e-02 2.880000000000000000e+03
7.575708802513295148e-02 2.890000000000000000e+03
7.639833321870305449e-02 2.900000000000000000e+03
7.551916122654320218e-02 2.910000000000000000e+03
7.479381082961376881e-02 2.920000000000000000e+03
7.234989663105503843e-02 2.930000000000000000e+03
7.508958492642610338e-02 2.940000000000000000e+03
7.555618640422910592e-02 2.950000000000000000e+03
7.523390533957424742e-02 2.960000000000000000e+03
7.391712428995442230e-02 2.970000000000000000e+03
7.375458739801672714e-02 2.980000000000000000e+03
7.390401237565412396e-02 2.990000000000000000e+03
7.424173600722594468e-02 3.000000000000000000e+03
7.487305397717808342e-02 3.010000000000000000e+03
7.548310453465294223e-02 3.020000000000000000e+03
7.336007874002450913e-02 3.030000000000000000e+03
7.392049289112166688e-02 3.040000000000000000e+03
7.408876678614287337e-02 3.050000000000000000e+03
7.522465852459396529e-02 3.060000000000000000e+03
7.343486821731382008e-02 3.070000000000000000e+03
7.486320440337311533e-02 3.080000000000000000e+03
7.383283014437375114e-02 3.090000000000000000e+03
7.269138875437552993e-02 3.100000000000000000e+03
7.219631521411480624e-02 3.110000000000000000e+03
7.331873294517358974e-02 3.120000000000000000e+03
7.281017014065951920e-02 3.130000000000000000e+03
7.314025401757517919e-02 3.140000000000000000e+03
7.365259956819232567e-02 3.150000000000000000e+03
7.317738768236548008e-02 3.160000000000000000e+03
7.139357086241991668e-02 3.170000000000000000e+03
7.265088663064085683e-02 3.180000000000000000e+03
7.302904434869163242e-02 3.190000000000000000e+03
7.183132157188319711e-02 3.200000000000000000e+03
