nan 1.000000000000000000e+02
nan 1.100000000000000000e+02
nan 1.200000000000000000e+02
nan 1.300000000000000000e+02
nan 1.400000000000000000e+02
nan 1.500000000000000000e+02
nan 1.600000000000000000e+02
nan 1.700000000000000000e+02
nan 1.800000000000000000e+02
nan 1.900000000000000000e+02
nan 2.000000000000000000e+02
nan 2.100000000000000000e+02
3.091353910505885705e-01 2.200000000000000000e+02
nan 2.300000000000000000e+02
nan 2.400000000000000000e+02
nan 2.500000000000000000e+02
nan 2.600000000000000000e+02
nan 2.700000000000000000e+02
1.588175002733225871e-01 2.800000000000000000e+02
3.224012076965581675e-01 2.900000000000000000e+02
nan 3.000000000000000000e+02
3.457096021598824453e-01 3.100000000000000000e+02
2.744863660317312659e-01 3.200000000000000000e+02
3.101755264608643259e-01 3.300000000000000000e+02
3.546220304412819324e-01 3.400000000000000000e+02
4.301323297044550298e-01 3.500000000000000000e+02
2.732359175121342743e-01 3.600000000000000000e+02
3.468808073746346143e-01 3.700000000000000000e+02
2.547572081038054770e-01 3.800000000000000000e+02
3.430878242115223409e-01 3.900000000000000000e+02
3.050560530874127374e-01 4.000000000000000000e+02
3.147892812515078464e-01 4.100000000000000000e+02
2.922771351677828089e-01 4.200000000000000000e+02
2.807443847078889831e-01 4.300000000000000000e+02
3.102308585930925178e-01 4.400000000000000000e+02
2.948414922887682699e-01 4.500000000000000000e+02
2.748035804840874841e-01 4.600000000000000000e+02
2.690666721801175942e-01 4.700000000000000000e+02
2.709404988718477347e-01 4.800000000000000000e+02
2.840142013771895235e-01 4.900000000000000000e+02
2.644611128962123803e-01 5.000000000000000000e+02
2.643853934867617106e-01 5.100000000000000000e+02
2.637204968947884920e-01 5.200000000000000000e+02
2.533587826019594313e-01 5.300000000000000000e+02
2.529907175515292983e-01 5.400000000000000000e+02
2.584454469905505536e-01 5.500000000000000000e+02
2.431704098199072295e-01 5.600000000000000000e+02
2.453388105001600983e-01 5.700000000000000000e+02
2.385782639795172577e-01 5.800000000000000000e+02
2.402500310540704453e-01 5.900000000000000000e+02
2.306525595848280541e-01 6.000000000000000000e+02
2.413170764117134603e-01 6.100000000000000000e+02
2.338111077303616225e-01 6.200000000000000000e+02
2.261352081688955407e-01 6.300000000000000000e+02
2.210117507797683678e-01 6.400000000000000000e+02
2.238538643586967525e-01 6.500000000000000000e+02
2.275480749666859426e-01 6.600000000000000000e+02
2.199090425015767791e-01 6.700000000000000000e+02
2.114419472438293923e-01 6.800000000000000000e+02
2.137158549560058962e-01 6.900000000000000000e+02
2.114684302941566008e-01 7.000000000000000000e+02
2.083765627928539366e-01 7.100000000000000000e+02
1.960601399120464605e-01 7.200000000000000000e+02
2.017208818922515690e-01 7.300000000000000000e+02
1.991118417485937542e-01 7.400000000000000000e+02
2.010813855466649924e-01 7.500000000000000000e+02
2.012580696643594680e-01 7.600000000000000000e+02
1.880726958632359114e-01 7.700000000000000000e+02
1.913446210048695972e-01 7.800000000000000000e+02
1.916942721828771012e-01 7.900000000000000000e+02
1.895514148168119251e-01 8.000000000000000000e+02
1.875118535364143912e-01 8.100000000000000000e+02
1.848868573091608236e-01 8.200000000000000000e+02
1.856503995210039837e-01 8.300000000000000000e+02
1.785260076376363192e-01 8.400000000000000000e+02
1.846169376113068750e-01 8.500000000000000000e+02
1.779455617971291703e-01 8.600000000000000000e+02
1.722729838731055785e-01 8.700000000000000000e+02
1.731557171332665790e-01 8.800000000000000000e+02
1.713979509504894860e-01 8.900000000000000000e+02
1.689290886114898083e-01 9.000000000000000000e+02
1.709019425176956375e-01 9.100000000000000000e+02
1.665410355952513799e-01 9.200000000000000000e+02
1.638604040758648572e-01 9.300000000000000000e+02
1.668596700251850362e-01 9.400000000000000000e+02
1.623990827987793761e-01 9.500000000000000000e+02
1.635438308455234857e-01 9.600000000000000000e+02
1.603197432126589883e-01 9.700000000000000000e+02
1.576874827131890811e-01 9.800000000000000000e+02
1.639026782398741999e-01 9.900000000000000000e+02
1.571228022243109645e-01 1.000000000000000000e+03
1.562647080045355408e-01 1.010000000000000000e+03
1.553680618884959730e-01 1.020000000000000000e+03
1.620528533782832070e-01 1.030000000000000000e+03
1.492040251258501538e-01 1.040000000000000000e+03
1.440076505265042717e-01 1.050000000000000000e+03
1.455477397525912486e-01 1.060000000000000000e+03
1.464187271923499956e-01 1.070000000000000000e+03
1.450411700047567753e-01 1.080000000000000000e+03
1.464386758629246110e-01 1.090000000000000000e+03
1.482994615763364443e-01 1.100000000000000000e+03
1.498149432004151071e-01 1.110000000000000000e+03
1.406179796975110530e-01 1.120000000000000000e+03
1.392154756493601819e-01 1.130000000000000000e+03
1.415561672574588148e-01 1.140000000000000000e+03
1.391430789564359061e-01 1.150000000000000000e+03
1.398754027727895088e-01 1.160000000000000000e+03
1.388652495164006129e-01 1.170000000000000000e+03
1.405035682028903943e-01 1.180000000000000000e+03
1.384804194825260959e-01 1.190000000000000000e+03
1.325078114537042162e-01 1.200000000000000000e+03
1.369735738124412128e-01 1.210000000000000000e+03
1.303679800367433528e-01 1.220000000000000000e+03
1.334753852680715946e-01 1.230000000000000000e+03
1.313580900291822506e-01 1.240000000000000000e+03
1.292867868328657910e-01 1.250000000000000000e+03
1.291324909287045186e-01 1.260000000000000000e+03
1.314585899152885540e-01 1.270000000000000000e+03
1.295521171040605879e-01 1.280000000000000000e+03
1.282206751842886461e-01 1.290000000000000000e+03
1.229893365187892801e-01 1.300000000000000000e+03
1.278703970421659064e-01 1.310000000000000000e+03
1.274184421817776414e-01 1.320000000000000000e+03
1.229255541354376396e-01 1.330000000000000000e+03
1.256041602000140811e-01 1.340000000000000000e+03
1.227789990544676246e-01 1.350000000000000000e+03
1.254626074436485383e-01 1.360000000000000000e+03
1.284899072544553600e-01 1.370000000000000000e+03
1.236670454569358396e-01 1.380000000000000000e+03
1.204600569638417801e-01 1.390000000000000000e+03
1.173530534538486103e-01 1.400000000000000000e+03
1.212756073363820825e-01 1.410000000000000000e+03
1.183124589289143158e-01 1.420000000000000000e+03
1.233095783046329608e-01 1.430000000000000000e+03
1.150542282887970363e-01 1.440000000000000000e+03
1.172053918034181852e-01 1.450000000000000000e+03
1.153788481751174405e-01 1.460000000000000000e+03
1.167098352213849499e-01 1.470000000000000000e+03
1.181735909480062796e-01 1.480000000000000000e+03
1.161818234496662799e-01 1.490000000000000000e+03
1.175089349323769766e-01 1.500000000000000000e+03
1.132489828204909371e-01 1.510000000000000000e+03
1.125658996398232886e-01 1.520000000000000000e+03
1.137531630015141959e-01 1.530000000000000000e+03
1.128677027306796282e-01 1.540000000000000000e+03
1.149744159707785235e-01 1.550000000000000000e+03
1.137528422574881903e-01 1.560000000000000000e+03
1.153970972697955510e-01 1.570000000000000000e+03
1.111546489731917720e-01 1.580000000000000000e+03
1.079605517815088456e-01 1.590000000000000000e+03
1.111787346444758906e-01 1.600000000000000000e+03
1.120051675201473584e-01 1.610000000000000000e+03
1.089441486847468610e-01 1.620000000000000000e+03
1.115688520003449563e-01 1.630000000000000000e+03
1.075566429082467079e-01 1.640000000000000000e+03
1.069257168897679855e-01 1.650000000000000000e+03
1.065852982291128903e-01 1.660000000000000000e+03
1.043957873759845945e-01 1.670000000000000000e+03
1.054947716941398439e-01 1.680000000000000000e+03
1.078363826022688127e-01 1.690000000000000000e+03
1.014516020529677293e-01 1.700000000000000000e+03
1.068809863236430541e-01 1.710000000000000000e+03
1.057247485094703759e-01 1.720000000000000000e+03
1.027484348667878078e-01 1.730000000000000000e+03
1.022335868697290123e-01 1.740000000000000000e+03
1.024899156128780131e-01 1.750000000000000000e+03
1.010170236933783522e-01 1.760000000000000000e+03
1.024092488518125593e-01 1.770000000000000000e+03
1.027444342313926506e-01 1.780000000000000000e+03
1.030668985049354308e-01 1.790000000000000000e+03
9.829432694564385620e-02 1.800000000000000000e+03
9.995575210199314498e-02 1.810000000000000000e+03
1.004439555118517013e-01 1.820000000000000000e+03
9.773385448359155070e-02 1.830000000000000000e+03
9.880608585900678420e-02 1.840000000000000000e+03
1.016835911759497862e-01 1.850000000000000000e+03
9.858043497527463339e-02 1.860000000000000000e+03
1.019769807215392121e-01 1.870000000000000000e+03
9.606533275076409306e-02 1.880000000000000000e+03
9.617928644118264869e-02 1.890000000000000000e+03
9.690549320247561493e-02 1.900000000000000000e+03
9.792308786368041085e-02 1.910000000000000000e+03
9.697644318260907614e-02 1.920000000000000000e+03
9.886132284885400245e-02 1.930000000000000000e+03
9.741324735222189890e-02 1.940000000000000000e+03
9.737986111448691806e-02 1.950000000000000000e+03
9.839188178878155444e-02 1.960000000000000000e+03
9.351556280469096316e-02 1.970000000000000000e+03
9.515438312022862777e-02 1.980000000000000000e+03
9.866679955351594089e-02 1.990000000000000000e+03
9.513626215852799550e-02 2.000000000000000000e+03
9.374407510736872118e-02 2.010000000000000000e+03
9.501161354803940029e-02 2.020000000000000000e+03
9.337149725925530941e-02 2.030000000000000000e+03
9.580236773951801565e-02 2.040000000000000000e+03
9.357865945197489654e-02 2.050000000000000000e+03
9.641395908360041178e-02 2.060000000000000000e+03
9.249737098569940641e-02 2.070000000000000000e+03
9.271289223005867164e-02 2.080000000000000000e+03
9.298687351092153885e-02 2.090000000000000000e+03
9.422653650409176795e-02 2.100000000000000000e+03
9.253434619865413824e-02 2.110000000000000000e+03
8.962521711578906591e-02 2.120000000000000000e+03
9.206044946213308433e-02 2.130000000000000000e+03
8.978532075815957858e-02 2.140000000000000000e+03
9.102600223064806484e-02 2.150000000000000000e+03
9.094619495100261797e-02 2.160000000000000000e+03
9.161893688955077830e-02 2.170000000000000000e+03
8.503092480584174828e-02 2.180000000000000000e+03
9.070664428277666613e-02 2.190000000000000000e+03
9.056392863625241374e-02 2.200000000000000000e+03
8.993877256893943739e-02 2.210000000000000000e+03
8.783185712552434021e-02 2.220000000000000000e+03
8.897632401749332176e-02 2.230000000000000000e+03
8.862276274594194092e-02 2.240000000000000000e+03
8.913676712450782635e-02 2.250000000000000000e+03
8.964420974469733405e-02 2.260000000000000000e+03
8.870337801384757526e-02 2.270000000000000000e+03
8.641042943172512480e-02 2.280000000000000000e+03
8.715300294221046962e-02 2.290000000000000000e+03
9.115868949213132288e-02 2.300000000000000000e+03
8.881939448398171177e-02 2.310000000000000000e+03
8.694382644718466613e-02 2.320000000000000000e+03
8.709686481787999590e-02 2.330000000000000000e+03
8.594431148443104629e-02 2.340000000000000000e+03
8.625923014899324059e-02 2.350000000000000000e+03
8.895441572866222280e-02 2.360000000000000000e+03
8.478086561940410826e-02 2.370000000000000000e+03
8.315065199028429110e-02 2.380000000000000000e+03
8.633923370087749627e-02 2.390000000000000000e+03
8.239756496968025923e-02 2.400000000000000000e+03
8.553335617373809818e-02 2.410000000000000000e+03
8.697860304401400233e-02 2.420000000000000000e+03
8.406198797882309670e-02 2.430000000000000000e+03
8.467203355215084659e-02 2.440000000000000000e+03
8.226047947225539891e-02 2.450000000000000000e+03
8.199879417402916593e-02 2.460000000000000000e+03
8.504676125092001937e-02 2.470000000000000000e+03
8.378138578544611081e-02 2.480000000000000000e+03
8.437527524585074212e-02 2.490000000000000000e+03
8.372050868672813173e-02 2.500000000000000000e+03
8.401385273575331936e-02 2.510000000000000000e+03
8.222015355936060366e-02 2.520000000000000000e+03
8.249336545440315305e-02 2.530000000000000000e+03
8.189857204621173170e-02 2.540000000000000000e+03
8.177972691091039970e-02 2.550000000000000000e+03
8.469665432777455372e-02 2.560000000000000000e+03
8.286206453758848678e-02 2.570000000000000000e+03
8.178650791826960753e-02 2.580000000000000000e+03
8.281301409341056130e-02 2.590000000000000000e+03
8.041477025625516639e-02 2.600000000000000000e+03
8.385236107765264846e-02 2.610000000000000000e+03
8.107049155314836886e-02 2.620000000000000000e+03
8.239307391922186252e-02 2.630000000000000000e+03
8.357277345527937273e-02 2.640000000000000000e+03
7.919949278599901221e-02 2.650000000000000000e+03
8.277759185670664765e-02 2.660000000000000000e+03
8.078062230461981186e-02 2.670000000000000000e+03
7.910804366713171387e-02 2.680000000000000000e+03
8.063568836503506865e-02 2.690000000000000000e+03
7.979418334555589409e-02 2.700000000000000000e+03
8.083536777102767745e-02 2.710000000000000000e+03
7.967201358631134656e-02 2.720000000000000000e+03
8.082382201754421958e-02 2.730000000000000000e+03
8.018619222942363622e-02 2.740000000000000000e+03
7.721461055123887696e-02 2.750000000000000000e+03
8.100750248487241512e-02 2.760000000000000000e+03
7.972448544961555084e-02 2.770000000000000000e+03
8.056028530818272471e-02 2.780000000000000000e+03
7.977160588265226615e-02 2.790000000000000000e+03
7.578473975182063727e-02 2.800000000000000000e+03
7.734061764875554967e-02 2.810000000000000000e+03
7.723013717487993424e-02 2.820000000000000000e+03
7.701045708095594078e-02 2.830000000000000000e+03
7.913827556071473257e-02 2.840000000000000000e+03
7.948951997571303274e-02 2.850000000000000000e+03
7.886984348075967710e-02 2.860000000000000000e+03
7.887369643789549079e-02 2.870000000000000000e+03
7.745506496473077152e-02 2.880000000000000000e+03
7.888476746676235940e-02 2.890000000000000000e+03
7.741508603421595747e-02 2.900000000000000000e+03
7.858671085668864076e-02 2.910000000000000000e+03
7.766652337497427505e-02 2.920000000000000000e+03
7.778537680793597142e-02 2.930000000000000000e+03
7.746753800861662376e-02 2.940000000000000000e+03
7.561542114065453180e-02 2.950000000000000000e+03
7.785768889945947346e-02 2.960000000000000000e+03
7.618955349726010129e-02 2.970000000000000000e+03
7.738515630779145560e-02 2.980000000000000000e+03
7.823873188461562267e-02 2.990000000000000000e+03
7.693552894610176940e-02 3.000000000000000000e+03
7.622000942446813254e-02 3.010000000000000000e+03
7.573222956661922189e-02 3.020000000000000000e+03
7.505869666175747634e-02 3.030000000000000000e+03
7.616164886499061926e-02 3.040000000000000000e+03
7.628596201759084428e-02 3.050000000000000000e+03
7.732292915202793049e-02 3.060000000000000000e+03
7.558221480697095707e-02 3.070000000000000000e+03
7.515171874917030148e-02 3.080000000000000000e+03
7.358198623669354177e-02 3.090000000000000000e+03
7.660242032927119804e-02 3.100000000000000000e+03
7.443247715967178657e-02 3.110000000000000000e+03
7.417611181850251867e-02 3.120000000000000000e+03
7.433026827767870437e-02 3.130000000000000000e+03
7.506100656511861813e-02 3.140000000000000000e+03
7.375606805138293365e-02 3.150000000000000000e+03
7.682520548078135281e-02 3.160000000000000000e+03
7.579798866304025828e-02 3.170000000000000000e+03
7.264929003050606127e-02 3.180000000000000000e+03
7.357090758353405924e-02 3.190000000000000000e+03
7.229152436047220354e-02 3.200000000000000000e+03
