nan 1.000000000000000000e+02
nan 1.100000000000000000e+02
nan 1.200000000000000000e+02
nan 1.300000000000000000e+02
nan 1.400000000000000000e+02
nan 1.500000000000000000e+02
nan 1.600000000000000000e+02
nan 1.700000000000000000e+02
nan 1.800000000000000000e+02
nan 1.900000000000000000e+02
4.631839720640687497e-01 2.000000000000000000e+02
nan 2.100000000000000000e+02
nan 2.200000000000000000e+02
nan 2.300000000000000000e+02
nan 2.400000000000000000e+02
nan 2.500000000000000000e+02
nan 2.600000000000000000e+02
3.369725693583973669e-01 2.700000000000000000e+02
4.307990421996329977e-01 2.800000000000000000e+02
2.560523628088600123e-01 2.900000000000000000e+02
3.464270619346082603e-01 3.000000000000000000e+02
3.716966776328315958e-01 3.100000000000000000e+02
2.131121444285105915e-01 3.200000000000000000e+02
3.748917825929014014e-01 3.300000000000000000e+02
3.041402858408595034e-01 3.400000000000000000e+02
3.736633455902659273e-01 3.500000000000000000e+02
3.217197559155244302e-01 3.600000000000000000e+02
3.757448645007524513e-01 3.700000000000000000e+02
3.929863138595203198e-01 3.800000000000000000e+02
3.606051554733754605e-01 3.900000000000000000e+02
3.714050586631317818e-01 4.000000000000000000e+02
3.693743448816239061e-01 4.100000000000000000e+02
3.983312485909979439e-01 4.200000000000000000e+02
3.718226251753242173e-01 4.300000000000000000e+02
3.756140511572469420e-01 4.400000000000000000e+02
3.536118171363232809e-01 4.500000000000000000e+02
3.144632426382362178e-01 4.600000000000000000e+02
3.292617029594073763e-01 4.700000000000000000e+02
3.315420967193070667e-01 4.800000000000000000e+02
3.344109473963149948e-01 4.900000000000000000e+02
3.332884838991183596e-01 5.000000000000000000e+02
3.142261055199380704e-01 5.100000000000000000e+02
3.383918428677993306e-01 5.200000000000000000e+02
3.034555057902119102e-01 5.300000000000000000e+02
3.120403384687772674e-01 5.400000000000000000e+02
2.970533191787579352e-01 5.500000000000000000e+02
2.997865327151674197e-01 5.600000000000000000e+02
3.045038053048029769e-01 5.700000000000000000e+02
2.909788440929144682e-01 5.800000000000000000e+02
2.873155882993282950e-01 5.900000000000000000e+02
2.834397632297569469e-01 6.000000000000000000e+02
2.767179665656391285e-01 6.100000000000000000e+02
2.813685011034801065e-01 6.200000000000000000e+02
2.649764664765456579e-01 6.300000000000000000e+02
2.645946838220574193e-01 6.400000000000000000e+02
2.632214902494155462e-01 6.500000000000000000e+02
2.629479270119706169e-01 6.600000000000000000e+02
2.620145571398689865e-01 6.700000000000000000e+02
2.533423178919254615e-01 6.800000000000000000e+02
2.589052083517847658e-01 6.900000000000000000e+02
2.555869418328611253e-01 7.000000000000000000e+02
2.550862922965428381e-01 7.100000000000000000e+02
2.483540388997485526e-01 7.200000000000000000e+02
2.488440731503030745e-01 7.300000000000000000e+02
2.346030874173878900e-01 7.400000000000000000e+02
2.432211304416408426e-01 7.500000000000000000e+02
2.465264468374473161e-01 7.600000000000000000e+02
2.383479875278082250e-01 7.700000000000000000e+02
2.294056252372130844e-01 7.800000000000000000e+02
2.233266584744297845e-01 7.900000000000000000e+02
2.365317771122274759e-01 8.000000000000000000e+02
2.251845698536386053e-01 8.100000000000000000e+02
2.112594078239436735e-01 8.200000000000000000e+02
2.195535087119477591e-01 8.300000000000000000e+02
2.190985641102589365e-01 8.400000000000000000e+02
2.149763005562487506e-01 8.500000000000000000e+02
2.101712076182428446e-01 8.600000000000000000e+02
2.145159282217895258e-01 8.700000000000000000e+02
2.131396963552717183e-01 8.800000000000000000e+02
2.108833028735625781e-01 8.900000000000000000e+02
2.127745073910072282e-01 9.000000000000000000e+02
2.035376676683900987e-01 9.100000000000000000e+02
2.039825014742271680e-01 9.200000000000000000e+02
2.054173946765217862e-01 9.300000000000000000e+02
1.936958492667559262e-01 9.400000000000000000e+02
2.058066137746016599e-01 9.500000000000000000e+02
1.920934710750661911e-01 9.600000000000000000e+02
1.890946593295652900e-01 9.700000000000000000e+02
1.928806484314276315e-01 9.800000000000000000e+02
1.907019452315058816e-01 9.900000000000000000e+02
1.867646420408129171e-01 1.000000000000000000e+03
1.855239595518693163e-01 1.010000000000000000e+03
1.867721411014100774e-01 1.020000000000000000e+03
1.796389054932887031e-01 1.030000000000000000e+03
1.890370945083909848e-01 1.040000000000000000e+03
1.844590774420189483e-01 1.050000000000000000e+03
1.783739736941085952e-01 1.060000000000000000e+03
1.756929581420277608e-01 1.070000000000000000e+03
1.779478753189422668e-01 1.080000000000000000e+03
1.729123353135761654e-01 1.090000000000000000e+03
1.745600158463197771e-01 1.100000000000000000e+03
1.756163239710113455e-01 1.110000000000000000e+03
1.747908646150958811e-01 1.120000000000000000e+03
1.653508918088843760e-01 1.130000000000000000e+03
1.692185960953600243e-01 1.140000000000000000e+03
1.613075064408096837e-01 1.150000000000000000e+03
1.655136013452004617e-01 1.160000000000000000e+03
1.704052931837486962e-01 1.170000000000000000e+03
1.608928987915291819e-01 1.180000000000000000e+03
1.635628230038699560e-01 1.190000000000000000e+03
1.625338306270098510e-01 1.200000000000000000e+03
1.592613060443033579e-01 1.210000000000000000e+03
1.622114899601551363e-01 1.220000000000000000e+03
1.593704384225770043e-01 1.230000000000000000e+03
1.552052915776428177e-01 1.240000000000000000e+03
1.605051554486011112e-01 1.250000000000000000e+03
1.596101582027472932e-01 1.260000000000000000e+03
1.564877443570891480e-01 1.270000000000000000e+03
1.530003248447716624e-01 1.280000000000000000e+03
1.559321754603589516e-01 1.290000000000000000e+03
1.519745713581780733e-01 1.300000000000000000e+03
1.494313485553479259e-01 1.310000000000000000e+03
1.521700902904079000e-01 1.320000000000000000e+03
1.489377494483338782e-01 1.330000000000000000e+03
1.443599740028165268e-01 1.340000000000000000e+03
1.471184029627815026e-01 1.350000000000000000e+03
1.501941792171318235e-01 1.360000000000000000e+03
1.506694648383044011e-01 1.370000000000000000e+03
1.450990010906565153e-01 1.380000000000000000e+03
1.459617574636540294e-01 1.390000000000000000e+03
1.402019838066901058e-01 1.400000000000000000e+03
1.437257423683417912e-01 1.410000000000000000e+03
1.397184335452431592e-01 1.420000000000000000e+03
1.412905818790299306e-01 1.430000000000000000e+03
1.413242651990711252e-01 1.440000000000000000e+03
1.419752989977176028e-01 1.450000000000000000e+03
1.384061820689911348e-01 1.460000000000000000e+03
1.424689723644913253e-01 1.470000000000000000e+03
1.383262331865959816e-01 1.480000000000000000e+03
1.436165461310879299e-01 1.490000000000000000e+03
1.365765340466311428e-01 1.500000000000000000e+03
1.381448537014388078e-01 1.510000000000000000e+03
1.315238178587118945e-01 1.520000000000000000e+03
1.326091817014905805e-01 1.530000000000000000e+03
1.349385688471587130e-01 1.540000000000000000e+03
1.334544790169950312e-01 1.550000000000000000e+03
1.299346517839750081e-01 1.560000000000000000e+03
1.291257733281069020e-01 1.570000000000000000e+03
1.316947921151335743e-01 1.580000000000000000e+03
1.315188128240921683e-01 1.590000000000000000e+03
1.284616903182021208e-01 1.600000000000000000e+03
1.279040935179057981e-01 1.610000000000000000e+03
1.300131130784147049e-01 1.620000000000000000e+03
1.307893262989976713e-01 1.630000000000000000e+03
1.293018227294462918e-01 1.640000000000000000e+03
1.280378904987464483e-01 1.650000000000000000e+03
1.240095246945428220e-01 1.660000000000000000e+03
1.208404057048966390e-01 1.670000000000000000e+03
1.262679554285438266e-01 1.680000000000000000e+03
1.250825694176750380e-01 1.690000000000000000e+03
1.238407353996203997e-01 1.700000000000000000e+03
1.234284592973971667e-01 1.710000000000000000e+03
1.213603001381427654e-01 1.720000000000000000e+03
1.191892467221590257e-01 1.730000000000000000e+03
1.217524657322229531e-01 1.740000000000000000e+03
1.179327161740458541e-01 1.750000000000000000e+03
1.209233936556168149e-01 1.760000000000000000e+03
1.197929500960907556e-01 1.770000000000000000e+03
1.220026069584347617e-01 1.780000000000000000e+03
1.194556208149621102e-01 1.790000000000000000e+03
1.173009117310752081e-01 1.800000000000000000e+03
1.221043413226029634e-01 1.810000000000000000e+03
1.201197820654371223e-01 1.820000000000000000e+03
1.153657266222274935e-01 1.830000000000000000e+03
1.174438561679352067e-01 1.840000000000000000e+03
1.165272365609934940e-01 1.850000000000000000e+03
1.121955212225121123e-01 1.860000000000000000e+03
1.167969372517248805e-01 1.870000000000000000e+03
1.182861356930165614e-01 1.880000000000000000e+03
1.168475874567519723e-01 1.890000000000000000e+03
1.174983357744305706e-01 1.900000000000000000e+03
1.170173634246656769e-01 1.910000000000000000e+03
1.113665491658627077e-01 1.920000000000000000e+03
1.132650298757344604e-01 1.930000000000000000e+03
1.139754941862024529e-01 1.940000000000000000e+03
1.159826352520934023e-01 1.950000000000000000e+03
1.120732590644251819e-01 1.960000000000000000e+03
1.137017837712810953e-01 1.970000000000000000e+03
1.139045586061241677e-01 1.980000000000000000e+03
1.131490703676983206e-01 1.990000000000000000e+03
1.115959353533647197e-01 2.000000000000000000e+03
1.103780373594756420e-01 2.010000000000000000e+03
1.111566840375153159e-01 2.020000000000000000e+03
1.128116481582537856e-01 2.030000000000000000e+03
1.125002581568130960e-01 2.040000000000000000e+03
1.071729781940505555e-01 2.050000000000000000e+03
1.081043216774161542e-01 2.060000000000000000e+03
1.108884396467774563e-01 2.070000000000000000e+03
1.099707328366873599e-01 2.080000000000000000e+03
1.066197175090999039e-01 2.090000000000000000e+03
1.094236935031818458e-01 2.100000000000000000e+03
1.082138912090998967e-01 2.110000000000000000e+03
1.045345448278492684e-01 2.120000000000000000e+03
1.066156028001279954e-01 2.130000000000000000e+03
1.040024735196195954e-01 2.140000000000000000e+03
1.050790230436653705e-01 2.150000000000000000e+03
1.081837489154924004e-01 2.160000000000000000e+03
1.058265714401446789e-01 2.170000000000000000e+03
1.032341627777026011e-01 2.180000000000000000e+03
1.025535256510151511e-01 2.190000000000000000e+03
1.036305980921982534e-01 2.200000000000000000e+03
1.011591314214641546e-01 2.210000000000000000e+03
1.023065466362468590e-01 2.220000000000000000e+03
1.054143878077346413e-01 2.230000000000000000e+03
1.043333396291234172e-01 2.240000000000000000e+03
1.023249284390753272e-01 2.250000000000000000e+03
1.002078163003705114e-01 2.260000000000000000e+03
9.941150534174578168e-02 2.270000000000000000e+03
1.012606571496257324e-01 2.280000000000000000e+03
1.013151741481565227e-01 2.290000000000000000e+03
1.004187404023397234e-01 2.300000000000000000e+03
9.909925541079775413e-02 2.310000000000000000e+03
9.975206064702851760e-02 2.320000000000000000e+03
1.003465005852073322e-01 2.330000000000000000e+03
1.026584039828650347e-01 2.340000000000000000e+03
9.986509680976386749e-02 2.350000000000000000e+03
1.017834779246762911e-01 2.360000000000000000e+03
9.712645205260958536e-02 2.370000000000000000e+03
9.857997260543849283e-02 2.380000000000000000e+03
9.843261788555973668e-02 2.390000000000000000e+03
9.993279665992328697e-02 2.400000000000000000e+03
9.997634194253211815e-02 2.410000000000000000e+03
9.877956510339463980e-02 2.420000000000000000e+03
9.794202665279329312e-02 2.430000000000000000e+03
9.820208052073789440e-02 2.440000000000000000e+03
9.865305793959068537e-02 2.450000000000000000e+03
9.600280634424901427e-02 2.460000000000000000e+03
9.690134831299834772e-02 2.470000000000000000e+03
9.831581471681070938e-02 2.480000000000000000e+03
9.650236711315823834e-02 2.490000000000000000e+03
9.857059468219707410e-02 2.500000000000000000e+03
9.712169778575899248e-02 2.510000000000000000e+03
9.690857423835255724e-02 2.520000000000000000e+03
9.601274582984785366e-02 2.530000000000000000e+03
9.274309429960835016e-02 2.540000000000000000e+03
9.449654909079487075e-02 2.550000000000000000e+03
9.569023782830317348e-02 2.560000000000000000e+03
9.597969523064220354e-02 2.570000000000000000e+03
9.153297416795798391e-02 2.580000000000000000e+03
9.454522634272442827e-02 2.590000000000000000e+03
9.133495827362514419e-02 2.600000000000000000e+03
9.116055867628754250e-02 2.610000000000000000e+03
8.977258239610248769e-02 2.620000000000000000e+03
9.183417868117280114e-02 2.630000000000000000e+03
9.311931912443083270e-02 2.640000000000000000e+03
9.242841131526781384e-02 2.650000000000000000e+03
9.459496953047721868e-02 2.660000000000000000e+03
9.514326030093026021e-02 2.670000000000000000e+03
9.144006642152932574e-02 2.680000000000000000e+03
9.005639976510682043e-02 2.690000000000000000e+03
9.112296585724490028e-02 2.700000000000000000e+03
9.531278049560988619e-02 2.710000000000000000e+03
9.134425844457176591e-02 2.720000000000000000e+03
9.507815284828673164e-02 2.730000000000000000e+03
9.175289273778307331e-02 2.740000000000000000e+03
9.296856848078825786e-02 2.750000000000000000e+03
9.035864184463741899e-02 2.760000000000000000e+03
9.122825745262830299e-02 2.770000000000000000e+03
9.252106129309310700e-02 2.780000000000000000e+03
8.879176056971857522e-02 2.790000000000000000e+03
9.038622092496519100e-02 2.800000000000000000e+03
8.968282161233821770e-02 2.810000000000000000e+03
8.949248128453408946e-02 2.820000000000000000e+03
9.049318911388247455e-02 2.830000000000000000e+03
8.799521741707390377e-02 2.840000000000000000e+03
8.682623496075506098e-02 2.850000000000000000e+03
8.951017876019977393e-02 2.860000000000000000e+03
8.807856302977690177e-02 2.870000000000000000e+03
8.681178312942228192e-02 2.880000000000000000e+03
8.803713458919769363e-02 2.890000000000000000e+03
8.708866115577670874e-02 2.900000000000000000e+03
8.810337916459198837e-02 2.910000000000000000e+03
8.482966812135638024e-02 2.920000000000000000e+03
8.624642347802188858e-02 2.930000000000000000e+03
8.805405133497536119e-02 2.940000000000000000e+03
8.402039043221778969e-02 2.950000000000000000e+03
8.665404613781170495e-02 2.960000000000000000e+03
8.856720724991526406e-02 2.970000000000000000e+03
8.598229504361457054e-02 2.980000000000000000e+03
8.731760318017321720e-02 2.990000000000000000e+03
8.506666606703545963e-02 3.000000000000000000e+03
8.402644676029430437e-02 3.010000000000000000e+03
8.568879131346279765e-02 3.020000000000000000e+03
8.965763722799750812e-02 3.030000000000000000e+03
8.687727293022658170e-02 3.040000000000000000e+03
8.367455616772839777e-02 3.050000000000000000e+03
8.521802340960701883e-02 3.060000000000000000e+03
8.612453501186843885e-02 3.070000000000000000e+03
8.455146897907761527e-02 3.080000000000000000e+03
8.611668533977941131e-02 3.090000000000000000e+03
8.206318063222978187e-02 3.100000000000000000e+03
8.284540638048863703e-02 3.110000000000000000e+03
8.491513689273730292e-02 3.120000000000000000e+03
8.369546144322886905e-02 3.130000000000000000e+03
8.323444161775282735e-02 3.140000000000000000e+03
8.479702773971407870e-02 3.150000000000000000e+03
8.240485719823126276e-02 3.160000000000000000e+03
8.351508473357990847e-02 3.170000000000000000e+03
8.232843715515465732e-02 3.180000000000000000e+03
8.576347976438511433e-02 3.190000000000000000e+03
8.389721063285261737e-02 3.200000000000000000e+03
