nan 1.000000000000000000e+02
nan 1.100000000000000000e+02
nan 1.200000000000000000e+02
nan 1.300000000000000000e+02
nan 1.400000000000000000e+02
nan 1.500000000000000000e+02
nan 1.600000000000000000e+02
nan 1.700000000000000000e+02
nan 1.800000000000000000e+02
nan 1.900000000000000000e+02
9.124194484994273269e-02 2.000000000000000000e+02
nan 2.100000000000000000e+02
3.945678133813118049e-01 2.200000000000000000e+02
1.512043071476467937e-01 2.300000000000000000e+02
3.511342513911187013e-01 2.400000000000000000e+02
nan 2.500000000000000000e+02
2.283855566989387853e-01 2.600000000000000000e+02
1.845282159996129434e-01 2.700000000000000000e+02
1.164449775266480219e-01 2.800000000000000000e+02
3.212261183112052887e-01 2.900000000000000000e+02
nan 3.000000000000000000e+02
3.852642613536165772e-01 3.100000000000000000e+02
3.370096775535088018e-01 3.200000000000000000e+02
3.882378885649077627e-01 3.300000000000000000e+02
3.550578258415211241e-01 3.400000000000000000e+02
3.320425921521262813e-01 3.500000000000000000e+02
3.395392493411952817e-01 3.600000000000000000e+02
3.136208187920352941e-01 3.700000000000000000e+02
2.667729816689554112e-01 3.800000000000000000e+02
3.292303449053072262e-01 3.900000000000000000e+02
3.176215229464897649e-01 4.000000000000000000e+02
3.256882894651627058e-01 4.100000000000000000e+02
2.805046068072602483e-01 4.200000000000000000e+02
3.174016127666789422e-01 4.300000000000000000e+02
2.800541231436296519e-01 4.400000000000000000e+02
2.875819322640750797e-01 4.500000000000000000e+02
2.903793133787890279e-01 4.600000000000000000e+02
2.658869880358676885e-01 4.700000000000000000e+02
3.025826893593976386e-01 4.800000000000000000e+02
2.641294819722553866e-01 4.900000000000000000e+02
2.586087398153243955e-01 5.000000000000000000e+02
2.734316565786221731e-01 5.100000000000000000e+02
2.634526809101357392e-01 5.200000000000000000e+02
2.615504552205773492e-01 5.300000000000000000e+02
2.624561565631950977e-01 5.400000000000000000e+02
2.418434864867733125e-01 5.500000000000000000e+02
2.406365002144065512e-01 5.600000000000000000e+02
2.493285683182165646e-01 5.700000000000000000e+02
2.460866870282734653e-01 5.800000000000000000e+02
2.415917730603889257e-01 5.900000000000000000e+02
2.411073314175009308e-01 6.000000000000000000e+02
2.251670668491013994e-01 6.100000000000000000e+02
2.316048894954813031e-01 6.200000000000000000e+02
2.227379450828088636e-01 6.300000000000000000e+02
2.283841152727816570e-01 6.400000000000000000e+02
2.198055707242572432e-01 6.500000000000000000e+02
2.202746521427346726e-01 6.600000000000000000e+02
2.220313235295488519e-01 6.700000000000000000e+02
2.148083526888844297e-01 6.800000000000000000e+02
2.074287845063753633e-01 6.900000000000000000e+02
2.096878576131528948e-01 7.000000000000000000e+02
2.066165015558106000e-01 7.100000000000000000e+02
2.070969122202557522e-01 7.200000000000000000e+02
2.059492083923680217e-01 7.300000000000000000e+02
1.946305994729897459e-01 7.400000000000000000e+02
1.945422036722607717e-01 7.500000000000000000e+02
1.965035857427832044e-01 7.600000000000000000e+02
1.987559893037535996e-01 7.700000000000000000e+02
1.907180626561868486e-01 7.800000000000000000e+02
1.887101351274646233e-01 7.900000000000000000e+02
1.934250903854706494e-01 8.000000000000000000e+02
1.853537505070942948e-01 8.100000000000000000e+02
1.835553017003951903e-01 8.200000000000000000e+02
1.838668553767555947e-01 8.300000000000000000e+02
1.797303874787707090e-01 8.400000000000000000e+02
1.792629780442590304e-01 8.500000000000000000e+02
1.822965848730703220e-01 8.600000000000000000e+02
1.714343683939955898e-01 8.700000000000000000e+02
1.694719330493332510e-01 8.800000000000000000e+02
1.741814280349427424e-01 8.900000000000000000e+02
1.770281073144746864e-01 9.000000000000000000e+02
1.718804844507874907e-01 9.100000000000000000e+02
1.636793028230642266e-01 9.200000000000000000e+02
1.642277346291080298e-01 9.300000000000000000e+02
1.651736404009482295e-01 9.400000000000000000e+02
1.619453655440917239e-01 9.500000000000000000e+02
1.592730567200778824e-01 9.600000000000000000e+02
1.604076865890682324e-01 9.700000000000000000e+02
1.557044888251696568e-01 9.800000000000000000e+02
1.569901094666373009e-01 9.900000000000000000e+02
1.576199056502315121e-01 1.000000000000000000e+03
1.575781635221236987e-01 1.010000000000000000e+03
1.608390196000226979e-01 1.020000000000000000e+03
1.557774441439231661e-01 1.030000000000000000e+03
1.515430119420537458e-01 1.040000000000000000e+03
1.530862176719169354e-01 1.050000000000000000e+03
1.484206141172132731e-01 1.060000000000000000e+03
1.441610083885124793e-01 1.070000000000000000e+03
1.468078419866116202e-01 1.080000000000000000e+03
1.473070382072720619e-01 1.090000000000000000e+03
1.461985356218374610e-01 1.100000000000000000e+03
1.432774534639381092e-01 1.110000000000000000e+03
1.424839068008073306e-01 1.120000000000000000e+03
1.395156173571994451e-01 1.130000000000000000e+03
1.388645822630446003e-01 1.140000000000000000e+03
1.410019872845555411e-01 1.150000000000000000e+03
1.344538893451524275e-01 1.160000000000000000e+03
1.374037435262775719e-01 1.170000000000000000e+03
1.359180764552165299e-01 1.180000000000000000e+03
1.373683341223084220e-01 1.190000000000000000e+03
1.370106181522526279e-01 1.200000000000000000e+03
1.361880713360620887e-01 1.210000000000000000e+03
1.324320152824441377e-01 1.220000000000000000e+03
1.333800311709958664e-01 1.230000000000000000e+03
1.313494456223474049e-01 1.240000000000000000e+03
1.304168947445390470e-01 1.250000000000000000e+03
1.326476586262953505e-01 1.260000000000000000e+03
1.290781269276624621e-01 1.270000000000000000e+03
1.255607008790283752e-01 1.280000000000000000e+03
1.246346936127386285e-01 1.290000000000000000e+03
1.253200111413020901e-01 1.300000000000000000e+03
1.239518511980614857e-01 1.310000000000000000e+03
1.264038474799554224e-01 1.320000000000000000e+03
1.196922483418014910e-01 1.330000000000000000e+03
1.250037478339376673e-01 1.340000000000000000e+03
1.233097079301329613e-01 1.350000000000000000e+03
1.247400422938000214e-01 1.360000000000000000e+03
1.204234707465731968e-01 1.370000000000000000e+03
1.201114531911879196e-01 1.380000000000000000e+03
1.181235449820482869e-01 1.390000000000000000e+03
1.169307201002537655e-01 1.400000000000000000e+03
1.194042560138503378e-01 1.410000000000000000e+03
1.205360942354835041e-01 1.420000000000000000e+03
1.167998969965890615e-01 1.430000000000000000e+03
1.190414686319874321e-01 1.440000000000000000e+03
1.137844657052208552e-01 1.450000000000000000e+03
1.185816873355142187e-01 1.460000000000000000e+03
1.134224642101363534e-01 1.470000000000000000e+03
1.159435684932014626e-01 1.480000000000000000e+03
1.150041837512159187e-01 1.490000000000000000e+03
1.135658934677791082e-01 1.500000000000000000e+03
1.118620364103039000e-01 1.510000000000000000e+03
1.138812592020410908e-01 1.520000000000000000e+03
1.138672721687694067e-01 1.530000000000000000e+03
1.111171714880623829e-01 1.540000000000000000e+03
1.089672020194543539e-01 1.550000000000000000e+03
1.106593493135410167e-01 1.560000000000000000e+03
1.100005395918533385e-01 1.570000000000000000e+03
1.102345504274449550e-01 1.580000000000000000e+03
1.127070076321197017e-01 1.590000000000000000e+03
1.071307938948391908e-01 1.600000000000000000e+03
1.075432248022103049e-01 1.610000000000000000e+03
1.121605441176067586e-01 1.620000000000000000e+03
1.060396019387344763e-01 1.630000000000000000e+03
1.080659867141365860e-01 1.640000000000000000e+03
1.054112988623186753e-01 1.650000000000000000e+03
1.055968978756144372e-01 1.660000000000000000e+03
1.056721983303113704e-01 1.670000000000000000e+03
1.048677390473102822e-01 1.680000000000000000e+03
1.058366572262393335e-01 1.690000000000000000e+03
1.026787930390765657e-01 1.700000000000000000e+03
1.054583532580291583e-01 1.710000000000000000e+03
1.029295198875157802e-01 1.720000000000000000e+03
9.887566761455784947e-02 1.730000000000000000e+03
1.048648650020603812e-01 1.740000000000000000e+03
1.020856829972341950e-01 1.750000000000000000e+03
1.025230895673282655e-01 1.760000000000000000e+03
1.042614545148231042e-01 1.770000000000000000e+03
1.029555942613222391e-01 1.780000000000000000e+03
1.011256111983733219e-01 1.790000000000000000e+03
1.021806200809717152e-01 1.800000000000000000e+03
1.001911566880687859e-01 1.810000000000000000e+03
1.008556854863019020e-01 1.820000000000000000e+03
9.831782706834936436e-02 1.830000000000000000e+03
9.780228269883833869e-02 1.840000000000000000e+03
9.853580823874186212e-02 1.850000000000000000e+03
9.772322565059228527e-02 1.860000000000000000e+03
9.767573014819069810e-02 1.870000000000000000e+03
9.736886765055850768e-02 1.880000000000000000e+03
9.688909721697459843e-02 1.890000000000000000e+03
9.550002760884092334e-02 1.900000000000000000e+03
9.607638021140509077e-02 1.910000000000000000e+03
9.264174911407070667e-02 1.920000000000000000e+03
9.498120646308333415e-02 1.930000000000000000e+03
9.331294500374863465e-02 1.940000000000000000e+03
9.544628796817183902e-02 1.950000000000000000e+03
9.358638584628382884e-02 1.960000000000000000e+03
9.525446483539672105e-02 1.970000000000000000e+03
9.384289509180546163e-02 1.980000000000000000e+03
9.718804691103559434e-02 1.990000000000000000e+03
9.590556628121252314e-02 2.000000000000000000e+03
9.380539153542646891e-02 2.010000000000000000e+03
9.366892586179531577e-02 2.020000000000000000e+03
9.475882983672451187e-02 2.030000000000000000e+03
9.356742525964890922e-02 2.040000000000000000e+03
9.272508455259481641e-02 2.050000000000000000e+03
9.546516595194430577e-02 2.060000000000000000e+03
8.985755188291660867e-02 2.070000000000000000e+03
9.219901364842085500e-02 2.080000000000000000e+03
9.147692669469950633e-02 2.090000000000000000e+03
8.994502566214290784e-02 2.100000000000000000e+03
9.131654899654757795e-02 2.110000000000000000e+03
9.046227244524447653e-02 2.120000000000000000e+03
8.760626193510480386e-02 2.130000000000000000e+03
8.924266829032830028e-02 2.140000000000000000e+03
9.134564250283157272e-02 2.150000000000000000e+03
8.902067928823464982e-02 2.160000000000000000e+03
8.824171636960159715e-02 2.170000000000000000e+03
8.887867802205466627e-02 2.180000000000000000e+03
8.968456945957611892e-02 2.190000000000000000e+03
8.782185077593769595e-02 2.200000000000000000e+03
8.767451017350928744e-02 2.210000000000000000e+03
9.039222325359767829e-02 2.220000000000000000e+03
8.690517199425042139e-02 2.230000000000000000e+03
8.731013629851441804e-02 2.240000000000000000e+03
8.720427980640846344e-02 2.250000000000000000e+03
8.729671047984380317e-02 2.260000000000000000e+03
8.672317620919919867e-02 2.270000000000000000e+03
8.664124048343188611e-02 2.280000000000000000e+03
8.522583927236485057e-02 2.290000000000000000e+03
8.550848303117940252e-02 2.300000000000000000e+03
8.532488491414771947e-02 2.310000000000000000e+03
8.783080900702623650e-02 2.320000000000000000e+03
8.423479587981483330e-02 2.330000000000000000e+03
8.563341997237751413e-02 2.340000000000000000e+03
8.823730482785283047e-02 2.350000000000000000e+03
8.596799651978248580e-02 2.360000000000000000e+03
8.631925017212427331e-02 2.370000000000000000e+03
8.424393198707215424e-02 2.380000000000000000e+03
8.431737627536028956e-02 2.390000000000000000e+03
8.305609145126381654e-02 2.400000000000000000e+03
8.186533779966068125e-02 2.410000000000000000e+03
8.512969390238889211e-02 2.420000000000000000e+03
8.144132675478864269e-02 2.430000000000000000e+03
8.089789786158878282e-02 2.440000000000000000e+03
8.266706789842752368e-02 2.450000000000000000e+03
8.102753053858684218e-02 2.460000000000000000e+03
8.375982048633083543e-02 2.470000000000000000e+03
8.547246516836742858e-02 2.480000000000000000e+03
8.459180938114956028e-02 2.490000000000000000e+03
8.509755862428738937e-02 2.500000000000000000e+03
8.291547373397646636e-02 2.510000000000000000e+03
8.235168861676633867e-02 2.520000000000000000e+03
8.148854654931167452e-02 2.530000000000000000e+03
8.176046597799394022e-02 2.540000000000000000e+03
8.281207840813072096e-02 2.550000000000000000e+03
8.269606552965523549e-02 2.560000000000000000e+03
7.934864279658128405e-02 2.570000000000000000e+03
8.124961446490475137e-02 2.580000000000000000e+03
7.951765308557327827e-02 2.590000000000000000e+03
8.345330808701591219e-02 2.600000000000000000e+03
8.012120285046887835e-02 2.610000000000000000e+03
8.113073999702676009e-02 2.620000000000000000e+03
7.930702408692108518e-02 2.630000000000000000e+03
7.871694241729897124e-02 2.640000000000000000e+03
7.983104661535676827e-02 2.650000000000000000e+03
8.019100420662834960e-02 2.660000000000000000e+03
7.659670480458552477e-02 2.670000000000000000e+03
7.712399387539296824e-02 2.680000000000000000e+03
7.878506515540077693e-02 2.690000000000000000e+03
7.700887264076346217e-02 2.700000000000000000e+03
7.596298487274570632e-02 2.710000000000000000e+03
7.829060169331295005e-02 2.720000000000000000e+03
7.841402232123161065e-02 2.730000000000000000e+03
7.771752452588016891e-02 2.740000000000000000e+03
7.833351326865167774e-02 2.750000000000000000e+03
7.704134914168601911e-02 2.760000000000000000e+03
7.773456549074685140e-02 2.770000000000000000e+03
7.649485938562376741e-02 2.780000000000000000e+03
7.830829975737725601e-02 2.790000000000000000e+03
7.844670285830619705e-02 2.800000000000000000e+03
7.668200077607094378e-02 2.810000000000000000e+03
7.763724189119888819e-02 2.820000000000000000e+03
7.460369708965480795e-02 2.830000000000000000e+03
7.592607425786128406e-02 2.840000000000000000e+03
7.682525052193447945e-02 2.850000000000000000e+03
7.518687932694101406e-02 2.860000000000000000e+03
7.731779201646671318e-02 2.870000000000000000e+03
7.507460838440604967e-02 2.880000000000000000e+03
7.502143174269580717e-02 2.890000000000000000e+03
7.720783511009475519e-02 2.900000000000000000e+03
7.616383024720582706e-02 2.910000000000000000e+03
7.827610369662513223e-02 2.920000000000000000e+03
7.570294360006540879e-02 2.930000000000000000e+03
7.551097840857580457e-02 2.940000000000000000e+03
7.448907520091915813e-02 2.950000000000000000e+03
7.531587528505043205e-02 2.960000000000000000e+03
7.452960669792255133e-02 2.970000000000000000e+03
7.383811657226364844e-02 2.980000000000000000e+03
7.138952889562168169e-02 2.990000000000000000e+03
7.241207025591300805e-02 3.000000000000000000e+03
7.454658010687964520e-02 3.010000000000000000e+03
7.483287873872909723e-02 3.020000000000000000e+03
7.514283669847028613e-02 3.030000000000000000e+03
7.336097580368845794e-02 3.040000000000000000e+03
7.313936166195150745e-02 3.050000000000000000e+03
7.595476399453660044e-02 3.060000000000000000e+03
7.402631499558479100e-02 3.070000000000000000e+03
7.384180164607229147e-02 3.080000000000000000e+03
7.347590236600198832e-02 3.090000000000000000e+03
7.283750989456727609e-02 3.100000000000000000e+03
7.370163430583215325e-02 3.110000000000000000e+03
7.227542011305727876e-02 3.120000000000000000e+03
7.017693197510153913e-02 3.130000000000000000e+03
7.271455181393918221e-02 3.140000000000000000e+03
7.369178846420833262e-02 3.150000000000000000e+03
7.302382432284192093e-02 3.160000000000000000e+03
7.340280858541996245e-02 3.170000000000000000e+03
7.384938218275743926e-02 3.180000000000000000e+03
7.156004134519686199e-02 3.190000000000000000e+03
7.144367886159520842e-02 3.200000000000000000e+03
