nan 1.000000000000000000e+02
nan 1.100000000000000000e+02
nan 1.200000000000000000e+02
nan 1.300000000000000000e+02
nan 1.400000000000000000e+02
nan 1.500000000000000000e+02
nan 1.600000000000000000e+02
nan 1.700000000000000000e+02
nan 1.800000000000000000e+02
2.879387130970758601e-01 1.900000000000000000e+02
7.705187463675157167e-01 2.000000000000000000e+02
3.756212986506493601e-01 2.100000000000000000e+02
5.203198943919026265e-01 2.200000000000000000e+02
3.511516837493457444e-01 2.300000000000000000e+02
7.273465533857870202e-01 2.400000000000000000e+02
7.535103594647983849e-01 2.500000000000000000e+02
5.797803417586753216e-01 2.600000000000000000e+02
7.369543640238114257e-01 2.700000000000000000e+02
6.737672560029130953e-01 2.800000000000000000e+02
5.005568064422597496e-01 2.900000000000000000e+02
6.471504042586845307e-01 3.000000000000000000e+02
5.369964784506072730e-01 3.100000000000000000e+02
6.305818801482498959e-01 3.200000000000000000e+02
6.559696155914145344e-01 3.300000000000000000e+02
6.358271457134032634e-01 3.400000000000000000e+02
5.626530956146349460e-01 3.500000000000000000e+02
5.233641465199221354e-01 3.600000000000000000e+02
5.953783858329019241e-01 3.700000000000000000e+02
6.051960397434682504e-01 3.800000000000000000e+02
5.533868711503794335e-01 3.900000000000000000e+02
5.067789263437106895e-01 4.000000000000000000e+02
4.643716640713076438e-01 4.100000000000000000e+02
4.813399195674657460e-01 4.200000000000000000e+02
5.361032038575839209e-01 4.300000000000000000e+02
5.013949092708912536e-01 4.400000000000000000e+02
4.587068474231385529e-01 4.500000000000000000e+02
4.051501186528837506e-01 4.600000000000000000e+02
3.866016028311951014e-01 4.700000000000000000e+02
3.994618940371833515e-01 4.800000000000000000e+02
3.739891533873312968e-01 4.900000000000000000e+02
3.664461463663608587e-01 5.000000000000000000e+02
3.947867508256034386e-01 5.100000000000000000e+02
3.635207467067447795e-01 5.200000000000000000e+02
3.536733678006715453e-01 5.300000000000000000e+02
3.355893294474963096e-01 5.400000000000000000e+02
3.273761923765471371e-01 5.500000000000000000e+02
3.456380541586171473e-01 5.600000000000000000e+02
3.295948963456240000e-01 5.700000000000000000e+02
3.397240296367418089e-01 5.800000000000000000e+02
3.104751506431778774e-01 5.900000000000000000e+02
3.014381521126523467e-01 6.000000000000000000e+02
2.919280220189079955e-01 6.100000000000000000e+02
3.011130558091560938e-01 6.200000000000000000e+02
2.991587247265304894e-01 6.300000000000000000e+02
2.857240468744918216e-01 6.400000000000000000e+02
2.776122689381535502e-01 6.500000000000000000e+02
2.742844064410518978e-01 6.600000000000000000e+02
2.794799074495288860e-01 6.700000000000000000e+02
2.770799592316983140e-01 6.800000000000000000e+02
2.678732002726830763e-01 6.900000000000000000e+02
2.724702287196697492e-01 7.000000000000000000e+02
2.678534564520000383e-01 7.100000000000000000e+02
2.631421070428958675e-01 7.200000000000000000e+02
2.586914131575552833e-01 7.300000000000000000e+02
2.565173712781663173e-01 7.400000000000000000e+02
2.525984616482869760e-01 7.500000000000000000e+02
2.511248582276858210e-01 7.600000000000000000e+02
2.496632723134077636e-01 7.700000000000000000e+02
2.499140795397245540e-01 7.800000000000000000e+02
2.462190008693590781e-01 7.900000000000000000e+02
2.460147510610659893e-01 8.000000000000000000e+02
2.448972973322037783e-01 8.100000000000000000e+02
2.433301315146299826e-01 8.200000000000000000e+02
2.389847958200318201e-01 8.300000000000000000e+02
2.367853388057609976e-01 8.400000000000000000e+02
2.393203393241002674e-01 8.500000000000000000e+02
2.352712033648427237e-01 8.600000000000000000e+02
2.317478460354135683e-01 8.700000000000000000e+02
2.324101755528053259e-01 8.800000000000000000e+02
2.327741820794600180e-01 8.900000000000000000e+02
2.295880989272027772e-01 9.000000000000000000e+02
2.254231704404567882e-01 9.100000000000000000e+02
2.289041850663439681e-01 9.200000000000000000e+02
2.260538264786821627e-01 9.300000000000000000e+02
2.275672989526255352e-01 9.400000000000000000e+02
2.238014972776078970e-01 9.500000000000000000e+02
2.207334091513937502e-01 9.600000000000000000e+02
2.189542425324375874e-01 9.700000000000000000e+02
2.172312461830805952e-01 9.800000000000000000e+02
2.201728895034829048e-01 9.900000000000000000e+02
2.152508806759697024e-01 1.000000000000000000e+03
2.157195690641563190e-01 1.010000000000000000e+03
2.164291003143658521e-01 1.020000000000000000e+03
2.165778137021467098e-01 1.030000000000000000e+03
2.148727902150112945e-01 1.040000000000000000e+03
2.139316192094054825e-01 1.050000000000000000e+03
2.158596227245797583e-01 1.060000000000000000e+03
2.095871104077568214e-01 1.070000000000000000e+03
2.138044777774139038e-01 1.080000000000000000e+03
2.076310585398079278e-01 1.090000000000000000e+03
2.098668910395856957e-01 1.100000000000000000e+03
2.080614935508105778e-01 1.110000000000000000e+03
2.101274222711386475e-01 1.120000000000000000e+03
2.044716475686508550e-01 1.130000000000000000e+03
2.040383402953563907e-01 1.140000000000000000e+03
2.065273552169494820e-01 1.150000000000000000e+03
2.045007003776586618e-01 1.160000000000000000e+03
2.054792156083052046e-01 1.170000000000000000e+03
2.043878589014772873e-01 1.180000000000000000e+03
2.031213705253785695e-01 1.190000000000000000e+03
2.040860356306955781e-01 1.200000000000000000e+03
1.992217296721012776e-01 1.210000000000000000e+03
2.040149374354018330e-01 1.220000000000000000e+03
2.005844525360653552e-01 1.230000000000000000e+03
1.987898121431957155e-01 1.240000000000000000e+03
1.966690375790902667e-01 1.250000000000000000e+03
1.976859988977778537e-01 1.260000000000000000e+03
1.960392487756795754e-01 1.270000000000000000e+03
1.956445082827393267e-01 1.280000000000000000e+03
1.986532370541344850e-01 1.290000000000000000e+03
1.940254468085695905e-01 1.300000000000000000e+03
1.936655645100618661e-01 1.310000000000000000e+03
1.961700565523863959e-01 1.320000000000000000e+03
1.935464620385644319e-01 1.330000000000000000e+03
1.930475696300492650e-01 1.340000000000000000e+03
1.926762563749984114e-01 1.350000000000000000e+03
1.935972612346034960e-01 1.360000000000000000e+03
1.900521708612362415e-01 1.370000000000000000e+03
1.913044233131185878e-01 1.380000000000000000e+03
1.911740618146377524e-01 1.390000000000000000e+03
1.930541565689133932e-01 1.400000000000000000e+03
1.899088060163067471e-01 1.410000000000000000e+03
1.901774676384018481e-01 1.420000000000000000e+03
1.894737057890480136e-01 1.430000000000000000e+03
1.905453989323822317e-01 1.440000000000000000e+03
1.904919706137925550e-01 1.450000000000000000e+03
1.877628654434251587e-01 1.460000000000000000e+03
1.856382541072592873e-01 1.470000000000000000e+03
1.862064694613141669e-01 1.480000000000000000e+03
1.867081553169746000e-01 1.490000000000000000e+03
1.864270273454025906e-01 1.500000000000000000e+03
1.845761453576090227e-01 1.510000000000000000e+03
1.846303625364970058e-01 1.520000000000000000e+03
1.816975323248341267e-01 1.530000000000000000e+03
1.838368995104999182e-01 1.540000000000000000e+03
1.805995712466632874e-01 1.550000000000000000e+03
1.860169131722393121e-01 1.560000000000000000e+03
1.814642191641338553e-01 1.570000000000000000e+03
1.835716724857655302e-01 1.580000000000000000e+03
1.815246988573222253e-01 1.590000000000000000e+03
1.815908992210693851e-01 1.600000000000000000e+03
1.827898487562892305e-01 1.610000000000000000e+03
1.833045785246851800e-01 1.620000000000000000e+03
1.796907721577602479e-01 1.630000000000000000e+03
1.831523210854321682e-01 1.640000000000000000e+03
1.792966542367035732e-01 1.650000000000000000e+03
1.807123836576213227e-01 1.660000000000000000e+03
1.806086436409164442e-01 1.670000000000000000e+03
1.791350944527997091e-01 1.680000000000000000e+03
1.817803919503840071e-01 1.690000000000000000e+03
1.762235818406734933e-01 1.700000000000000000e+03
1.765700137579113704e-01 1.710000000000000000e+03
1.782929493361489759e-01 1.720000000000000000e+03
1.789952446473085379e-01 1.730000000000000000e+03
1.773099547819741162e-01 1.740000000000000000e+03
1.785734868523016494e-01 1.750000000000000000e+03
1.811371045233394483e-01 1.760000000000000000e+03
1.802569668165990846e-01 1.770000000000000000e+03
1.757109802945793497e-01 1.780000000000000000e+03
1.760135271488591779e-01 1.790000000000000000e+03
1.768764633981775858e-01 1.800000000000000000e+03
1.774231086917732458e-01 1.810000000000000000e+03
1.758176813478891931e-01 1.820000000000000000e+03
1.748966779113543535e-01 1.830000000000000000e+03
1.762993536549868068e-01 1.840000000000000000e+03
1.795582567623146830e-01 1.850000000000000000e+03
1.788736046326236950e-01 1.860000000000000000e+03
1.753503040553400227e-01 1.870000000000000000e+03
1.687610683918056576e-01 1.880000000000000000e+03
1.757074315210521986e-01 1.890000000000000000e+03
1.755146776629310235e-01 1.900000000000000000e+03
1.721182793247565679e-01 1.910000000000000000e+03
1.751824174809789303e-01 1.920000000000000000e+03
1.713782365724609291e-01 1.930000000000000000e+03
1.713804070425787307e-01 1.940000000000000000e+03
1.715615661297278383e-01 1.950000000000000000e+03
1.715868568986026743e-01 1.960000000000000000e+03
1.734503267175063201e-01 1.970000000000000000e+03
1.713561567631670945e-01 1.980000000000000000e+03
1.728662312950109137e-01 1.990000000000000000e+03
1.707595005861164139e-01 2.000000000000000000e+03
1.730314019483002175e-01 2.010000000000000000e+03
1.737920676391455921e-01 2.020000000000000000e+03
1.727333226422275714e-01 2.030000000000000000e+03
1.716095865917170449e-01 2.040000000000000000e+03
1.701581311251788853e-01 2.050000000000000000e+03
1.722811287421055770e-01 2.060000000000000000e+03
1.681898157719308451e-01 2.070000000000000000e+03
1.705288426196539253e-01 2.080000000000000000e+03
1.731082569348888489e-01 2.090000000000000000e+03
1.686590219025644044e-01 2.100000000000000000e+03
1.702942530800400922e-01 2.110000000000000000e+03
1.692901977861220597e-01 2.120000000000000000e+03
1.699803693517189240e-01 2.130000000000000000e+03
1.672866318431671384e-01 2.140000000000000000e+03
1.702828735291893603e-01 2.150000000000000000e+03
1.663289563449402708e-01 2.160000000000000000e+03
1.678492793871542155e-01 2.170000000000000000e+03
1.674183171235185674e-01 2.180000000000000000e+03
1.673843325653253944e-01 2.190000000000000000e+03
1.677585881720733973e-01 2.200000000000000000e+03
1.710506742567186600e-01 2.210000000000000000e+03
1.677242328620346667e-01 2.220000000000000000e+03
1.699657234235902592e-01 2.230000000000000000e+03
1.680651739176360071e-01 2.240000000000000000e+03
1.664075558627901574e-01 2.250000000000000000e+03
1.690743363405285138e-01 2.260000000000000000e+03
1.641178998207564743e-01 2.270000000000000000e+03
1.664203778486079144e-01 2.280000000000000000e+03
1.635292361638087388e-01 2.290000000000000000e+03
1.650262165516838408e-01 2.300000000000000000e+03
1.679816205866984935e-01 2.310000000000000000e+03
1.640832194621851814e-01 2.320000000000000000e+03
1.629201682461742795e-01 2.330000000000000000e+03
1.647532065399745504e-01 2.340000000000000000e+03
1.651083046593983528e-01 2.350000000000000000e+03
1.658921285736083551e-01 2.360000000000000000e+03
1.670246201568632294e-01 2.370000000000000000e+03
1.647847635134241928e-01 2.380000000000000000e+03
1.664831264597102789e-01 2.390000000000000000e+03
1.677055933749643513e-01 2.400000000000000000e+03
1.639971869378616109e-01 2.410000000000000000e+03
1.631617449222284022e-01 2.420000000000000000e+03
1.624956218270023345e-01 2.430000000000000000e+03
1.662985018391216208e-01 2.440000000000000000e+03
1.653318153316289119e-01 2.450000000000000000e+03
1.676282899453148956e-01 2.460000000000000000e+03
1.669361357476696062e-01 2.470000000000000000e+03
1.680362519929580467e-01 2.480000000000000000e+03
1.614424909904794703e-01 2.490000000000000000e+03
1.643154630351096046e-01 2.500000000000000000e+03
1.640249305643283750e-01 2.510000000000000000e+03
1.631078191294636770e-01 2.520000000000000000e+03
1.613837084295004221e-01 2.530000000000000000e+03
1.604425687145894230e-01 2.540000000000000000e+03
1.632144873431099208e-01 2.550000000000000000e+03
1.659290093486278928e-01 2.560000000000000000e+03
1.652083557319072027e-01 2.570000000000000000e+03
1.639695294299793882e-01 2.580000000000000000e+03
1.631973894973975381e-01 2.590000000000000000e+03
1.611562160286726109e-01 2.600000000000000000e+03
1.613240245225909253e-01 2.610000000000000000e+03
1.609991122445847966e-01 2.620000000000000000e+03
1.651122390739373502e-01 2.630000000000000000e+03
1.628630253394985072e-01 2.640000000000000000e+03
1.618372262033783981e-01 2.650000000000000000e+03
1.620225222856958303e-01 2.660000000000000000e+03
1.630596778799625890e-01 2.670000000000000000e+03
1.593859761736216296e-01 2.680000000000000000e+03
1.628759869566976382e-01 2.690000000000000000e+03
1.651284334204713433e-01 2.700000000000000000e+03
1.611041577507237033e-01 2.710000000000000000e+03
1.618370981618620918e-01 2.720000000000000000e+03
1.610202341190770658e-01 2.730000000000000000e+03
1.643428107976453723e-01 2.740000000000000000e+03
1.597196196654478706e-01 2.750000000000000000e+03
1.613618667262173845e-01 2.760000000000000000e+03
1.632032420352110269e-01 2.770000000000000000e+03
1.578525484472839968e-01 2.780000000000000000e+03
1.623188844177692880e-01 2.790000000000000000e+03
1.621525962826198264e-01 2.800000000000000000e+03
1.617234306921657150e-01 2.810000000000000000e+03
1.625941751082866926e-01 2.820000000000000000e+03
1.593272231849058307e-01 2.830000000000000000e+03
1.589567073326784430e-01 2.840000000000000000e+03
1.582654111235343997e-01 2.850000000000000000e+03
1.592024351772736990e-01 2.860000000000000000e+03
1.593420471227673385e-01 2.870000000000000000e+03
1.600901154355540701e-01 2.880000000000000000e+03
1.620034818554888789e-01 2.890000000000000000e+03
1.605947971396853025e-01 2.900000000000000000e+03
1.583884756730043197e-01 2.910000000000000000e+03
1.585697391292119063e-01 2.920000000000000000e+03
1.606069676583579964e-01 2.930000000000000000e+03
1.592557262211591329e-01 2.940000000000000000e+03
1.587784319668863187e-01 2.950000000000000000e+03
1.601031342041384087e-01 2.960000000000000000e+03
1.593069857572661230e-01 2.970000000000000000e+03
1.600831800756087053e-01 2.980000000000000000e+03
1.602678107306119426e-01 2.990000000000000000e+03
1.580322467628147987e-01 3.000000000000000000e+03
1.592163660973853478e-01 3.010000000000000000e+03
1.602708847002538295e-01 3.020000000000000000e+03
1.605543391949182941e-01 3.030000000000000000e+03
1.575603181983149803e-01 3.040000000000000000e+03
1.592349922802709095e-01 3.050000000000000000e+03
1.590472840548631250e-01 3.060000000000000000e+03
1.576029203412289414e-01 3.070000000000000000e+03
1.599830755165654594e-01 3.080000000000000000e+03
1.578111314510897700e-01 3.090000000000000000e+03
1.586824240405782238e-01 3.100000000000000000e+03
1.601532559498902442e-01 3.110000000000000000e+03
1.590684393187215273e-01 3.120000000000000000e+03
1.599648121042075433e-01 3.130000000000000000e+03
1.597293967329967701e-01 3.140000000000000000e+03
1.591542652437629990e-01 3.150000000000000000e+03
1.563332715122561778e-01 3.160000000000000000e+03
1.576056263722668271e-01 3.170000000000000000e+03
1.572887670521605219e-01 3.180000000000000000e+03
1.584227897460265821e-01 3.190000000000000000e+03
1.568197586162949353e-01 3.200000000000000000e+03
