nan 1.000000000000000000e+02
nan 1.100000000000000000e+02
nan 1.200000000000000000e+02
nan 1.300000000000000000e+02
nan 1.400000000000000000e+02
nan 1.500000000000000000e+02
nan 1.600000000000000000e+02
nan 1.700000000000000000e+02
nan 1.800000000000000000e+02
nan 1.900000000000000000e+02
nan 2.000000000000000000e+02
nan 2.100000000000000000e+02
nan 2.200000000000000000e+02
nan 2.300000000000000000e+02
nan 2.400000000000000000e+02
2.663248349313783181e-01 2.500000000000000000e+02
nan 2.600000000000000000e+02
nan 2.700000000000000000e+02
2.658491812663826281e-01 2.800000000000000000e+02
3.786470071527587855e-01 2.900000000000000000e+02
2.168853240271819138e-01 3.000000000000000000e+02
3.335426677020385533e-01 3.100000000000000000e+02
4.072211556559272028e-01 3.200000000000000000e+02
4.355737651588305615e-01 3.300000000000000000e+02
3.927897494234027231e-01 3.400000000000000000e+02
2.883919659064883012e-01 3.500000000000000000e+02
3.710117143509729098e-01 3.600000000000000000e+02
3.643135723411722871e-01 3.700000000000000000e+02
3.868372293176519650e-01 3.800000000000000000e+02
3.184369392640477026e-01 3.900000000000000000e+02
3.483018250577037955e-01 4.000000000000000000e+02
3.660022814106596578e-01 4.100000000000000000e+02
3.139390715835275736e-01 4.200000000000000000e+02
3.022961129053349238e-01 4.300000000000000000e+02
2.925562163206651412e-01 4.400000000000000000e+02
3.104304658967863562e-01 4.500000000000000000e+02
2.905963870740154165e-01 4.600000000000000000e+02
3.074911589191225980e-01 4.700000000000000000e+02
2.640036464732557486e-01 4.800000000000000000e+02
2.893198868599305418e-01 4.900000000000000000e+02
2.967743182959036718e-01 5.000000000000000000e+02
2.802285687167325179e-01 5.100000000000000000e+02
2.688467950250663652e-01 5.200000000000000000e+02
2.649748613137913877e-01 5.300000000000000000e+02
2.650440462161864352e-01 5.400000000000000000e+02
2.700315128215071137e-01 5.500000000000000000e+02
2.615720227571127210e-01 5.600000000000000000e+02
2.500243993514978391e-01 5.700000000000000000e+02
2.521166291603805232e-01 5.800000000000000000e+02
2.441760460477689909e-01 5.900000000000000000e+02
2.536198414153108538e-01 6.000000000000000000e+02
2.466055203359103498e-01 6.100000000000000000e+02
2.365166029855217400e-01 6.200000000000000000e+02
2.410332753954658735e-01 6.300000000000000000e+02
2.377395628189135079e-01 6.400000000000000000e+02
2.264686527700147112e-01 6.500000000000000000e+02
2.248279385987513868e-01 6.600000000000000000e+02
2.302946997370147186e-01 6.700000000000000000e+02
2.258214995422708204e-01 6.800000000000000000e+02
2.245447106017139649e-01 6.900000000000000000e+02
2.205010422599451569e-01 7.000000000000000000e+02
2.207039922409236854e-01 7.100000000000000000e+02
2.154554998266234311e-01 7.200000000000000000e+02
2.157954068058756392e-01 7.300000000000000000e+02
2.090418902434548754e-01 7.400000000000000000e+02
2.042353877311229304e-01 7.500000000000000000e+02
2.094045899835753899e-01 7.600000000000000000e+02
2.054537364972382207e-01 7.700000000000000000e+02
2.002129083895816120e-01 7.800000000000000000e+02
2.006517727265349216e-01 7.900000000000000000e+02
1.907760223273259892e-01 8.000000000000000000e+02
1.887281162087208475e-01 8.100000000000000000e+02
2.001418082051757419e-01 8.200000000000000000e+02
1.893394884856665905e-01 8.300000000000000000e+02
1.897732581399202423e-01 8.400000000000000000e+02
1.869782234060196058e-01 8.500000000000000000e+02
1.814561023801165851e-01 8.600000000000000000e+02
1.840110694250343126e-01 8.700000000000000000e+02
1.835145239869043765e-01 8.800000000000000000e+02
1.802544049068940668e-01 8.900000000000000000e+02
1.823702940239477210e-01 9.000000000000000000e+02
1.780699742808639352e-01 9.100000000000000000e+02
1.699684838703255374e-01 9.200000000000000000e+02
1.774997941681163149e-01 9.300000000000000000e+02
1.697173045025866245e-01 9.400000000000000000e+02
1.688655836134103638e-01 9.500000000000000000e+02
1.747724200207559087e-01 9.600000000000000000e+02
1.682318587668363841e-01 9.700000000000000000e+02
1.673601631298099468e-01 9.800000000000000000e+02
1.683898858084853234e-01 9.900000000000000000e+02
1.625687125382891673e-01 1.000000000000000000e+03
1.677944870222561058e-01 1.010000000000000000e+03
1.606075301493882779e-01 1.020000000000000000e+03
1.619368753769075131e-01 1.030000000000000000e+03
1.606956586528971442e-01 1.040000000000000000e+03
1.567182382452471101e-01 1.050000000000000000e+03
1.525432267984879742e-01 1.060000000000000000e+03
1.550610534627135939e-01 1.070000000000000000e+03
1.550396529609862351e-01 1.080000000000000000e+03
1.509836516950572305e-01 1.090000000000000000e+03
1.515683635399392437e-01 1.100000000000000000e+03
1.513640761314527239e-01 1.110000000000000000e+03
1.479566228802589034e-01 1.120000000000000000e+03
1.508394811098727750e-01 1.130000000000000000e+03
1.489707105582292468e-01 1.140000000000000000e+03
1.452457262709142272e-01 1.150000000000000000e+03
1.467344722991368866e-01 1.160000000000000000e+03
1.439230917891918260e-01 1.170000000000000000e+03
1.440271282983304479e-01 1.180000000000000000e+03
1.432085606322937299e-01 1.190000000000000000e+03
1.437502356376318957e-01 1.200000000000000000e+03
1.385970219115044144e-01 1.210000000000000000e+03
1.400432614313712465e-01 1.220000000000000000e+03
1.392260867439773508e-01 1.230000000000000000e+03
1.384885836431591077e-01 1.240000000000000000e+03
1.354577591174645768e-01 1.250000000000000000e+03
1.341057083517969428e-01 1.260000000000000000e+03
1.370540044538618163e-01 1.270000000000000000e+03
1.351317066507268794e-01 1.280000000000000000e+03
1.357531422459276882e-01 1.290000000000000000e+03
1.326005066701574087e-01 1.300000000000000000e+03
1.323962824009413675e-01 1.310000000000000000e+03
1.309082888754690976e-01 1.320000000000000000e+03
1.302776724062145453e-01 1.330000000000000000e+03
1.295000120502759200e-01 1.340000000000000000e+03
1.259062393396044310e-01 1.350000000000000000e+03
1.253499399904685341e-01 1.360000000000000000e+03
1.299195140279629235e-01 1.370000000000000000e+03
1.278335462613226503e-01 1.380000000000000000e+03
1.280505779442876468e-01 1.390000000000000000e+03
1.258074499393359857e-01 1.400000000000000000e+03
1.242670415005174972e-01 1.410000000000000000e+03
1.228558159283995588e-01 1.420000000000000000e+03
1.284146029025124147e-01 1.430000000000000000e+03
1.206483508222808143e-01 1.440000000000000000e+03
1.210331807136209858e-01 1.450000000000000000e+03
1.241217195912405757e-01 1.460000000000000000e+03
1.192286518032529830e-01 1.470000000000000000e+03
1.237340826464872062e-01 1.480000000000000000e+03
1.191808187717411788e-01 1.490000000000000000e+03
1.186760109038747096e-01 1.500000000000000000e+03
1.194118990138794828e-01 1.510000000000000000e+03
1.199830936692966310e-01 1.520000000000000000e+03
1.167932602829817729e-01 1.530000000000000000e+03
1.179162897144046679e-01 1.540000000000000000e+03
1.176242099745045677e-01 1.550000000000000000e+03
1.181017868215419181e-01 1.560000000000000000e+03
1.139059194829899063e-01 1.570000000000000000e+03
1.123980761270899492e-01 1.580000000000000000e+03
1.151611167755579590e-01 1.590000000000000000e+03
1.131199085230420454e-01 1.600000000000000000e+03
1.133540513085728174e-01 1.610000000000000000e+03
1.134609706603094958e-01 1.620000000000000000e+03
1.144417148146350538e-01 1.630000000000000000e+03
1.075253527525893288e-01 1.640000000000000000e+03
1.108658191219480255e-01 1.650000000000000000e+03
1.137261858283859645e-01 1.660000000000000000e+03
1.083240524492374152e-01 1.670000000000000000e+03
1.081759113941314215e-01 1.680000000000000000e+03
1.099196518314108639e-01 1.690000000000000000e+03
1.096652119689477678e-01 1.700000000000000000e+03
1.110049945180032471e-01 1.710000000000000000e+03
1.094331567608194805e-01 1.720000000000000000e+03
1.064610166688406273e-01 1.730000000000000000e+03
1.073661912238380312e-01 1.740000000000000000e+03
1.083407846014760312e-01 1.750000000000000000e+03
1.093136863151145388e-01 1.760000000000000000e+03
1.094059475459401160e-01 1.770000000000000000e+03
1.090696672466424239e-01 1.780000000000000000e+03
1.053821733005686906e-01 1.790000000000000000e+03
1.056348909683808984e-01 1.800000000000000000e+03
1.076051025632903668e-01 1.810000000000000000e+03
1.017570792738577840e-01 1.820000000000000000e+03
1.036754472301031765e-01 1.830000000000000000e+03
1.042053852227413785e-01 1.840000000000000000e+03
1.039287757896748821e-01 1.850000000000000000e+03
9.816336834534099276e-02 1.860000000000000000e+03
9.969411474748178514e-02 1.870000000000000000e+03
1.035434693338032064e-01 1.880000000000000000e+03
1.032095740267815753e-01 1.890000000000000000e+03
1.006600429055832802e-01 1.900000000000000000e+03
1.019138095553121653e-01 1.910000000000000000e+03
9.963673457190340421e-02 1.920000000000000000e+03
1.020117979650372736e-01 1.930000000000000000e+03
1.009025090541002950e-01 1.940000000000000000e+03
1.009006428426115071e-01 1.950000000000000000e+03
1.020856713704134111e-01 1.960000000000000000e+03
9.854981840204897481e-02 1.970000000000000000e+03
9.938843375660248725e-02 1.980000000000000000e+03
9.740256029210198063e-02 1.990000000000000000e+03
1.003574620265814815e-01 2.000000000000000000e+03
1.024107008315184170e-01 2.010000000000000000e+03
9.504418154470198332e-02 2.020000000000000000e+03
9.844389363226870027e-02 2.030000000000000000e+03
9.675711982038734393e-02 2.040000000000000000e+03
9.578673733246045874e-02 2.050000000000000000e+03
9.623745307391488868e-02 2.060000000000000000e+03
9.659582156321665225e-02 2.070000000000000000e+03
9.608979294094191492e-02 2.080000000000000000e+03
9.602571810475449277e-02 2.090000000000000000e+03
9.521105900039532333e-02 2.100000000000000000e+03
9.368362813465713757e-02 2.110000000000000000e+03
9.338519767228257995e-02 2.120000000000000000e+03
9.220096861517632081e-02 2.130000000000000000e+03
9.446445766379103770e-02 2.140000000000000000e+03
9.162887655706575263e-02 2.150000000000000000e+03
9.499778087243826441e-02 2.160000000000000000e+03
9.416760225732030698e-02 2.170000000000000000e+03
9.189318026994899857e-02 2.180000000000000000e+03
9.119376651799912525e-02 2.190000000000000000e+03
9.256391886971702954e-02 2.200000000000000000e+03
9.066108682245016537e-02 2.210000000000000000e+03
9.119358029420983336e-02 2.220000000000000000e+03
9.122627862024378087e-02 2.230000000000000000e+03
9.347649207378357084e-02 2.240000000000000000e+03
9.040656274991226704e-02 2.250000000000000000e+03
9.285193308887684793e-02 2.260000000000000000e+03
8.934135595884820646e-02 2.270000000000000000e+03
8.927707111196490908e-02 2.280000000000000000e+03
8.946866681862525317e-02 2.290000000000000000e+03
8.729816353609036461e-02 2.300000000000000000e+03
9.087291205728736943e-02 2.310000000000000000e+03
8.880945540993462339e-02 2.320000000000000000e+03
8.969834331813758554e-02 2.330000000000000000e+03
8.780091479306598168e-02 2.340000000000000000e+03
8.760293508651549599e-02 2.350000000000000000e+03
8.915283641277156612e-02 2.360000000000000000e+03
8.811454678009097985e-02 2.370000000000000000e+03
9.022432826289093766e-02 2.380000000000000000e+03
9.011715698522408668e-02 2.390000000000000000e+03
8.776580496453158242e-02 2.400000000000000000e+03
8.897646832577585374e-02 2.410000000000000000e+03
8.702448152848712981e-02 2.420000000000000000e+03
8.769302777615697875e-02 2.430000000000000000e+03
8.643112793294449592e-02 2.440000000000000000e+03
8.652317561625419429e-02 2.450000000000000000e+03
8.893409838000058965e-02 2.460000000000000000e+03
8.735237943340538880e-02 2.470000000000000000e+03
8.654690521767846589e-02 2.480000000000000000e+03
8.483454691598865671e-02 2.490000000000000000e+03
8.470736585989631362e-02 2.500000000000000000e+03
8.652047360549190713e-02 2.510000000000000000e+03
8.574191971625501341e-02 2.520000000000000000e+03
8.498594457928482226e-02 2.530000000000000000e+03
8.203058075798058679e-02 2.540000000000000000e+03
8.573900325619003560e-02 2.550000000000000000e+03
8.389963116808898946e-02 2.560000000000000000e+03
8.553563537303411624e-02 2.570000000000000000e+03
8.639356309561406488e-02 2.580000000000000000e+03
8.348022313892509982e-02 2.590000000000000000e+03
8.382036623016857202e-02 2.600000000000000000e+03
8.256020984112795447e-02 2.610000000000000000e+03
8.433466144815299215e-02 2.620000000000000000e+03
8.404185554320871276e-02 2.630000000000000000e+03
8.471334982866995933e-02 2.640000000000000000e+03
8.352121495855208133e-02 2.650000000000000000e+03
8.442755807275673097e-02 2.660000000000000000e+03
8.320356332346447170e-02 2.670000000000000000e+03
8.303529263549670747e-02 2.680000000000000000e+03
7.999239515356990071e-02 2.690000000000000000e+03
8.045036373436728616e-02 2.700000000000000000e+03
8.414378008204512205e-02 2.710000000000000000e+03
8.159661541385346273e-02 2.720000000000000000e+03
8.056027220424245849e-02 2.730000000000000000e+03
7.872954595297267100e-02 2.740000000000000000e+03
8.183493822690843245e-02 2.750000000000000000e+03
8.083924334649775223e-02 2.760000000000000000e+03
8.276366805632418000e-02 2.770000000000000000e+03
7.994318982464490575e-02 2.780000000000000000e+03
7.844629742423431251e-02 2.790000000000000000e+03
7.934845909720250612e-02 2.800000000000000000e+03
8.055497148492958559e-02 2.810000000000000000e+03
7.913877228404932185e-02 2.820000000000000000e+03
8.076208107756063792e-02 2.830000000000000000e+03
7.805090054803147381e-02 2.840000000000000000e+03
7.588131135822211160e-02 2.850000000000000000e+03
7.858563129043459605e-02 2.860000000000000000e+03
7.690447197653783873e-02 2.870000000000000000e+03
7.610559027020923073e-02 2.880000000000000000e+03
7.755625837503642150e-02 2.890000000000000000e+03
7.716685370325236659e-02 2.900000000000000000e+03
7.735293278699267860e-02 2.910000000000000000e+03
7.964020350734998810e-02 2.920000000000000000e+03
7.717769607673069521e-02 2.930000000000000000e+03
7.730155028645896431e-02 2.940000000000000000e+03
7.800284999964235411e-02 2.950000000000000000e+03
7.657927814482681783e-02 2.960000000000000000e+03
7.714141095589341357e-02 2.970000000000000000e+03
7.535834134586881505e-02 2.980000000000000000e+03
7.873579529869761950e-02 2.990000000000000000e+03
7.780596554642209284e-02 3.000000000000000000e+03
7.651423509227717190e-02 3.010000000000000000e+03
7.647937152434360064e-02 3.020000000000000000e+03
7.680055733845464472e-02 3.030000000000000000e+03
7.722931494244215933e-02 3.040000000000000000e+03
7.706021612136029764e-02 3.050000000000000000e+03
7.779049804800498846e-02 3.060000000000000000e+03
7.554536621793889184e-02 3.070000000000000000e+03
7.573523034283706490e-02 3.080000000000000000e+03
7.552619066656716951e-02 3.090000000000000000e+03
7.558506677900875270e-02 3.100000000000000000e+03
7.527740820268201405e-02 3.110000000000000000e+03
7.486725975540874101e-02 3.120000000000000000e+03
7.551870834042188896e-02 3.130000000000000000e+03
7.507844377033029426e-02 3.140000000000000000e+03
7.366555015058547096e-02 3.150000000000000000e+03
7.522962067602451119e-02 3.160000000000000000e+03
7.533801166035571095e-02 3.170000000000000000e+03
7.435004132656958253e-02 3.180000000000000000e+03
7.385686641163530242e-02 3.190000000000000000e+03
7.521454953928594089e-02 3.200000000000000000e+03
