nan 1.000000000000000000e+02
nan 1.100000000000000000e+02
nan 1.200000000000000000e+02
nan 1.300000000000000000e+02
nan 1.400000000000000000e+02
nan 1.500000000000000000e+02
nan 1.600000000000000000e+02
nan 1.700000000000000000e+02
nan 1.800000000000000000e+02
nan 1.900000000000000000e+02
nan 2.000000000000000000e+02
nan 2.100000000000000000e+02
2.924650833860345522e-01 2.200000000000000000e+02
nan 2.300000000000000000e+02
nan 2.400000000000000000e+02
2.607362700124398747e-01 2.500000000000000000e+02
nan 2.600000000000000000e+02
1.593686685016857951e-01 2.700000000000000000e+02
nan 2.800000000000000000e+02
2.721614007002273183e-01 2.900000000000000000e+02
nan 3.000000000000000000e+02
3.996345995662314854e-01 3.100000000000000000e+02
nan 3.200000000000000000e+02
3.670808547034373204e-01 3.300000000000000000e+02
3.377629252283630423e-01 3.400000000000000000e+02
8.828695235933592400e-02 3.500000000000000000e+02
2.605855742059547953e-01 3.600000000000000000e+02
2.607147879002446600e-01 3.700000000000000000e+02
3.134912556062171007e-01 3.800000000000000000e+02
3.026009027914916549e-01 3.900000000000000000e+02
3.386567433889482448e-01 4.000000000000000000e+02
3.087212781746614398e-01 4.100000000000000000e+02
2.885611965019191927e-01 4.200000000000000000e+02
2.963635477909989380e-01 4.300000000000000000e+02
2.909263745703932202e-01 4.400000000000000000e+02
3.098580610531947999e-01 4.500000000000000000e+02
2.995737871546094166e-01 4.600000000000000000e+02
2.800639150007280809e-01 4.700000000000000000e+02
2.850196091067743187e-01 4.800000000000000000e+02
2.801570536286740465e-01 4.900000000000000000e+02
2.875567096437544601e-01 5.000000000000000000e+02
2.626988418542471337e-01 5.100000000000000000e+02
2.697249460938435650e-01 5.200000000000000000e+02
2.478943404727752264e-01 5.300000000000000000e+02
2.660528484055682541e-01 5.400000000000000000e+02
2.608387881565544242e-01 5.500000000000000000e+02
2.504866245016144077e-01 5.600000000000000000e+02
2.547983046070059765e-01 5.700000000000000000e+02
2.483421766542170117e-01 5.800000000000000000e+02
2.390067242838118111e-01 5.900000000000000000e+02
2.434769277275451171e-01 6.000000000000000000e+02
2.381870782134880293e-01 6.100000000000000000e+02
2.256549922078621706e-01 6.200000000000000000e+02
2.271457535851181264e-01 6.300000000000000000e+02
2.165545881580241139e-01 6.400000000000000000e+02
2.208303181069797838e-01 6.500000000000000000e+02
2.291319413344804490e-01 6.600000000000000000e+02
2.138890415023419200e-01 6.700000000000000000e+02
2.128764014917224057e-01 6.800000000000000000e+02
2.141165071161878486e-01 6.900000000000000000e+02
2.111121401866780101e-01 7.000000000000000000e+02
2.097914018082693288e-01 7.100000000000000000e+02
1.992484050750006619e-01 7.200000000000000000e+02
2.052541535815743667e-01 7.300000000000000000e+02
2.008793428744044818e-01 7.400000000000000000e+02
1.912048694672906779e-01 7.500000000000000000e+02
1.938907720046396110e-01 7.600000000000000000e+02
1.902500866345595842e-01 7.700000000000000000e+02
1.951095919867368023e-01 7.800000000000000000e+02
1.858568348189270081e-01 7.900000000000000000e+02
1.846962774034824617e-01 8.000000000000000000e+02
1.851322017771194484e-01 8.100000000000000000e+02
1.818701559552039215e-01 8.200000000000000000e+02
1.799048744090956664e-01 8.300000000000000000e+02
1.827927151500289560e-01 8.400000000000000000e+02
1.850877846449661135e-01 8.500000000000000000e+02
1.760868732335491293e-01 8.600000000000000000e+02
1.743514022295054311e-01 8.700000000000000000e+02
1.714034802414363678e-01 8.800000000000000000e+02
1.715803079130779063e-01 8.900000000000000000e+02
1.710778844511382235e-01 9.000000000000000000e+02
1.677870711302637818e-01 9.100000000000000000e+02
1.675242444296288213e-01 9.200000000000000000e+02
1.657758794588885531e-01 9.300000000000000000e+02
1.655170356217335326e-01 9.400000000000000000e+02
1.617067138060577225e-01 9.500000000000000000e+02
1.628600738098816003e-01 9.600000000000000000e+02
1.597650623600400943e-01 9.700000000000000000e+02
1.583954827768482287e-01 9.800000000000000000e+02
1.593102587778210122e-01 9.900000000000000000e+02
1.580533163474960312e-01 1.000000000000000000e+03
1.537205911976662620e-01 1.010000000000000000e+03
1.534966571997432305e-01 1.020000000000000000e+03
1.554116911573094340e-01 1.030000000000000000e+03
1.533591276583821938e-01 1.040000000000000000e+03
1.492400281510365134e-01 1.050000000000000000e+03
1.534746698697769252e-01 1.060000000000000000e+03
1.503625440297604587e-01 1.070000000000000000e+03
1.468913400160759275e-01 1.080000000000000000e+03
1.398318935539859253e-01 1.090000000000000000e+03
1.452064890563609378e-01 1.100000000000000000e+03
1.457735323327549737e-01 1.110000000000000000e+03
1.455035199429630111e-01 1.120000000000000000e+03
1.362919687573009297e-01 1.130000000000000000e+03
1.387124733741787741e-01 1.140000000000000000e+03
1.346507338264311404e-01 1.150000000000000000e+03
1.414092723098845095e-01 1.160000000000000000e+03
1.366630272779575939e-01 1.170000000000000000e+03
1.407000372483097617e-01 1.180000000000000000e+03
1.352391295041088792e-01 1.190000000000000000e+03
1.360984296977765518e-01 1.200000000000000000e+03
1.321705021316958995e-01 1.210000000000000000e+03
1.363545499836192609e-01 1.220000000000000000e+03
1.340154425612454514e-01 1.230000000000000000e+03
1.312760723268873997e-01 1.240000000000000000e+03
1.300598764092243120e-01 1.250000000000000000e+03
1.300959615523709367e-01 1.260000000000000000e+03
1.282761651058465235e-01 1.270000000000000000e+03
1.285699794569163668e-01 1.280000000000000000e+03
1.284154080090380567e-01 1.290000000000000000e+03
1.258511033921230204e-01 1.300000000000000000e+03
1.330279923850795076e-01 1.310000000000000000e+03
1.242666177905400321e-01 1.320000000000000000e+03
1.226360630661989803e-01 1.330000000000000000e+03
1.250574229131953263e-01 1.340000000000000000e+03
1.264640063344730503e-01 1.350000000000000000e+03
1.222593934945069294e-01 1.360000000000000000e+03
1.215909799609405789e-01 1.370000000000000000e+03
1.222277196805577337e-01 1.380000000000000000e+03
1.197354621654725670e-01 1.390000000000000000e+03
1.221187500013316274e-01 1.400000000000000000e+03
1.205612516912718951e-01 1.410000000000000000e+03
1.179457980110473619e-01 1.420000000000000000e+03
1.180884331082596855e-01 1.430000000000000000e+03
1.186049285901280975e-01 1.440000000000000000e+03
1.193579110224159967e-01 1.450000000000000000e+03
1.162670106643596823e-01 1.460000000000000000e+03
1.171330773639279732e-01 1.470000000000000000e+03
1.145603118947822879e-01 1.480000000000000000e+03
1.172002947743817219e-01 1.490000000000000000e+03
1.159606081131615285e-01 1.500000000000000000e+03
1.123532967768386959e-01 1.510000000000000000e+03
1.183804727957158687e-01 1.520000000000000000e+03
1.118307110921236275e-01 1.530000000000000000e+03
1.118846604324851557e-01 1.540000000000000000e+03
1.136551081532936186e-01 1.550000000000000000e+03
1.120501634851570338e-01 1.560000000000000000e+03
1.129018138148405459e-01 1.570000000000000000e+03
1.112952556578519353e-01 1.580000000000000000e+03
1.093030741108258624e-01 1.590000000000000000e+03
1.082862781328200602e-01 1.600000000000000000e+03
1.109320613302192116e-01 1.610000000000000000e+03
1.091468424704419016e-01 1.620000000000000000e+03
1.061443688756552178e-01 1.630000000000000000e+03
1.083463185087783220e-01 1.640000000000000000e+03
1.085119398853742478e-01 1.650000000000000000e+03
1.054629081109037525e-01 1.660000000000000000e+03
1.075168373198054222e-01 1.670000000000000000e+03
1.070934619440850749e-01 1.680000000000000000e+03
1.051870017875388141e-01 1.690000000000000000e+03
1.047476319792093186e-01 1.700000000000000000e+03
1.032239813777943577e-01 1.710000000000000000e+03
1.010836185596501458e-01 1.720000000000000000e+03
1.024673552336839016e-01 1.730000000000000000e+03
1.056384829509036671e-01 1.740000000000000000e+03
1.024427889868732705e-01 1.750000000000000000e+03
1.017995045364764456e-01 1.760000000000000000e+03
1.032372430707248351e-01 1.770000000000000000e+03
1.034689809134667488e-01 1.780000000000000000e+03
1.017340641338854573e-01 1.790000000000000000e+03
1.020683129529953714e-01 1.800000000000000000e+03
9.927993724004482989e-02 1.810000000000000000e+03
9.971873113908510944e-02 1.820000000000000000e+03
1.037878636780113356e-01 1.830000000000000000e+03
1.019857816480584101e-01 1.840000000000000000e+03
9.828642502140223780e-02 1.850000000000000000e+03
1.030372947901170982e-01 1.860000000000000000e+03
1.003163001987038561e-01 1.870000000000000000e+03
1.019211478106008956e-01 1.880000000000000000e+03
1.004816413173387074e-01 1.890000000000000000e+03
9.981315068890173059e-02 1.900000000000000000e+03
9.718394990946487011e-02 1.910000000000000000e+03
9.767939450593095263e-02 1.920000000000000000e+03
9.918376724506727804e-02 1.930000000000000000e+03
9.861438948514110459e-02 1.940000000000000000e+03
9.605397591569800331e-02 1.950000000000000000e+03
9.231730977803037641e-02 1.960000000000000000e+03
9.358480855067470572e-02 1.970000000000000000e+03
9.615107515924813109e-02 1.980000000000000000e+03
9.666395760295476425e-02 1.990000000000000000e+03
9.291817366993156135e-02 2.000000000000000000e+03
9.384027961530137796e-02 2.010000000000000000e+03
9.795513755371879072e-02 2.020000000000000000e+03
9.365094164698702095e-02 2.030000000000000000e+03
9.340419142403340313e-02 2.040000000000000000e+03
9.420910028576834350e-02 2.050000000000000000e+03
9.403063942629645566e-02 2.060000000000000000e+03
9.316139550144546255e-02 2.070000000000000000e+03
9.401071013255191122e-02 2.080000000000000000e+03
9.423745773040410889e-02 2.090000000000000000e+03
9.272496444626650292e-02 2.100000000000000000e+03
9.164870179441819698e-02 2.110000000000000000e+03
9.225539998177238743e-02 2.120000000000000000e+03
9.057811984201956379e-02 2.130000000000000000e+03
9.107544487770494190e-02 2.140000000000000000e+03
9.012073389900122911e-02 2.150000000000000000e+03
9.309292687991609083e-02 2.160000000000000000e+03
8.901898524800683221e-02 2.170000000000000000e+03
8.896249761591377980e-02 2.180000000000000000e+03
8.954302229727136020e-02 2.190000000000000000e+03
9.003310290297886209e-02 2.200000000000000000e+03
9.122970814525099836e-02 2.210000000000000000e+03
8.833082904753190856e-02 2.220000000000000000e+03
8.772885273274538820e-02 2.230000000000000000e+03
8.892945481501243754e-02 2.240000000000000000e+03
8.835285410119196603e-02 2.250000000000000000e+03
8.959748860584280938e-02 2.260000000000000000e+03
8.771761574338882150e-02 2.270000000000000000e+03
8.550517677989290244e-02 2.280000000000000000e+03
8.716363938241195042e-02 2.290000000000000000e+03
8.762004189912937779e-02 2.300000000000000000e+03
8.813602020855292041e-02 2.310000000000000000e+03
8.609593025584960646e-02 2.320000000000000000e+03
8.801688748238402360e-02 2.330000000000000000e+03
8.631963862128320952e-02 2.340000000000000000e+03
8.830262988904966082e-02 2.350000000000000000e+03
8.325282464900345125e-02 2.360000000000000000e+03
8.572734694353163765e-02 2.370000000000000000e+03
8.641075516751527130e-02 2.380000000000000000e+03
8.373305739120529001e-02 2.390000000000000000e+03
8.651213599394989850e-02 2.400000000000000000e+03
8.705794757481419288e-02 2.410000000000000000e+03
8.530100436739672387e-02 2.420000000000000000e+03
8.347987772498953463e-02 2.430000000000000000e+03
8.401372586583547020e-02 2.440000000000000000e+03
8.395925174157398141e-02 2.450000000000000000e+03
8.446095102114106745e-02 2.460000000000000000e+03
8.210003598180527773e-02 2.470000000000000000e+03
8.173349862810683208e-02 2.480000000000000000e+03
8.330656234940429783e-02 2.490000000000000000e+03
8.502454056221615819e-02 2.500000000000000000e+03
8.260518434541452848e-02 2.510000000000000000e+03
8.428096204359573906e-02 2.520000000000000000e+03
8.261197982430526499e-02 2.530000000000000000e+03
8.374109291797691978e-02 2.540000000000000000e+03
8.408813466505223044e-02 2.550000000000000000e+03
8.444602460003795830e-02 2.560000000000000000e+03
8.140691784411589749e-02 2.570000000000000000e+03
8.414519416190785472e-02 2.580000000000000000e+03
8.430175380015074438e-02 2.590000000000000000e+03
8.393779410210226721e-02 2.600000000000000000e+03
8.153128116530403147e-02 2.610000000000000000e+03
8.269341885894111732e-02 2.620000000000000000e+03
8.095116143913740070e-02 2.630000000000000000e+03
8.125117844818992296e-02 2.640000000000000000e+03
8.264492798988433420e-02 2.650000000000000000e+03
7.896310671400223746e-02 2.660000000000000000e+03
8.141346895905768322e-02 2.670000000000000000e+03
7.987241701191252763e-02 2.680000000000000000e+03
8.096416985573504088e-02 2.690000000000000000e+03
7.920740065015903497e-02 2.700000000000000000e+03
7.879317822360557000e-02 2.710000000000000000e+03
8.138156540658651739e-02 2.720000000000000000e+03
8.028425264088190350e-02 2.730000000000000000e+03
8.205306630903981546e-02 2.740000000000000000e+03
7.969536999386891973e-02 2.750000000000000000e+03
7.887375502803528615e-02 2.760000000000000000e+03
7.673694179218823463e-02 2.770000000000000000e+03
7.971562719573282996e-02 2.780000000000000000e+03
7.786367177138636686e-02 2.790000000000000000e+03
7.814373705314041352e-02 2.800000000000000000e+03
7.866254690150389917e-02 2.810000000000000000e+03
7.883547231976521796e-02 2.820000000000000000e+03
7.580295051056408495e-02 2.830000000000000000e+03
7.685500919098187111e-02 2.840000000000000000e+03
7.883827739157039938e-02 2.850000000000000000e+03
7.774857200976303950e-02 2.860000000000000000e+03
7.699517927409575691e-02 2.870000000000000000e+03
7.771159574731933972e-02 2.880000000000000000e+03
7.695002161623647197e-02 2.890000000000000000e+03
7.818408582937898255e-02 2.900000000000000000e+03
7.750529935430913731e-02 2.910000000000000000e+03
7.911804492424122370e-02 2.920000000000000000e+03
7.864571127488900748e-02 2.930000000000000000e+03
7.849812626477560562e-02 2.940000000000000000e+03
7.659287318979554615e-02 2.950000000000000000e+03
7.505072986492289377e-02 2.960000000000000000e+03
7.711120513740583882e-02 2.970000000000000000e+03
7.606101134816609100e-02 2.980000000000000000e+03
7.658325291527909306e-02 2.990000000000000000e+03
7.534162692567636377e-02 3.000000000000000000e+03
7.636770127676631437e-02 3.010000000000000000e+03
7.699537552748091096e-02 3.020000000000000000e+03
7.502568484721616748e-02 3.030000000000000000e+03
7.585072840999812493e-02 3.040000000000000000e+03
7.670342073693491025e-02 3.050000000000000000e+03
7.172389650290464380e-02 3.060000000000000000e+03
7.520515841582676997e-02 3.070000000000000000e+03
7.339141852824347667e-02 3.080000000000000000e+03
7.504953683291389066e-02 3.090000000000000000e+03
7.473547369807249929e-02 3.100000000000000000e+03
7.476133764248039937e-02 3.110000000000000000e+03
7.579362306771854352e-02 3.120000000000000000e+03
7.626164119912592909e-02 3.130000000000000000e+03
7.580591218050108937e-02 3.140000000000000000e+03
7.316605635927436735e-02 3.150000000000000000e+03
7.606725190815796789e-02 3.160000000000000000e+03
7.521707530685531329e-02 3.170000000000000000e+03
7.479367722246485495e-02 3.180000000000000000e+03
7.360568143653016537e-02 3.190000000000000000e+03
7.232387593220655775e-02 3.200000000000000000e+03
