nan 1.000000000000000000e+02
nan 1.100000000000000000e+02
nan 1.200000000000000000e+02
nan 1.300000000000000000e+02
nan 1.400000000000000000e+02
nan 1.500000000000000000e+02
nan 1.600000000000000000e+02
nan 1.700000000000000000e+02
nan 1.800000000000000000e+02
nan 1.900000000000000000e+02
nan 2.000000000000000000e+02
nan 2.100000000000000000e+02
nan 2.200000000000000000e+02
1.355504426403693896e-01 2.300000000000000000e+02
nan 2.400000000000000000e+02
9.122835359689433765e-02 2.500000000000000000e+02
nan 2.600000000000000000e+02
nan 2.700000000000000000e+02
1.990742742162440182e-01 2.800000000000000000e+02
3.130864564674696870e-01 2.900000000000000000e+02
2.235328213768402461e-01 3.000000000000000000e+02
3.399007096884147927e-01 3.100000000000000000e+02
2.448504612379626133e-01 3.200000000000000000e+02
2.716634542607822000e-01 3.300000000000000000e+02
3.050221470796714018e-01 3.400000000000000000e+02
3.288924854623288541e-01 3.500000000000000000e+02
2.911710305407877453e-01 3.600000000000000000e+02
3.057344297646172326e-01 3.700000000000000000e+02
2.548489633737342497e-01 3.800000000000000000e+02
2.826147716757502204e-01 3.900000000000000000e+02
2.830630877951577085e-01 4.000000000000000000e+02
3.081941423685564119e-01 4.100000000000000000e+02
2.942505446235476052e-01 4.200000000000000000e+02
2.906602001826023018e-01 4.300000000000000000e+02
2.755109143238415603e-01 4.400000000000000000e+02
2.851810356548140635e-01 4.500000000000000000e+02
2.733278408434546836e-01 4.600000000000000000e+02
2.613635538295917549e-01 4.700000000000000000e+02
2.493621122382906063e-01 4.800000000000000000e+02
2.654351170251426639e-01 4.900000000000000000e+02
2.579755151513343225e-01 5.000000000000000000e+02
2.565528643603423031e-01 5.100000000000000000e+02
2.559056130930594808e-01 5.200000000000000000e+02
2.374144277672520509e-01 5.300000000000000000e+02
2.494784125319991497e-01 5.400000000000000000e+02
2.460185311880525028e-01 5.500000000000000000e+02
2.458809103392584627e-01 5.600000000000000000e+02
2.493359026362100550e-01 5.700000000000000000e+02
2.332378125242812739e-01 5.800000000000000000e+02
2.298767463477631168e-01 5.900000000000000000e+02
2.308227120885704142e-01 6.000000000000000000e+02
2.290128655649737444e-01 6.100000000000000000e+02
2.174567295042003634e-01 6.200000000000000000e+02
2.221142805938300935e-01 6.300000000000000000e+02
2.236251428557523846e-01 6.400000000000000000e+02
2.166213624602160437e-01 6.500000000000000000e+02
2.132254736447626864e-01 6.600000000000000000e+02
2.104719815755490830e-01 6.700000000000000000e+02
2.105578195869987623e-01 6.800000000000000000e+02
2.023707139814056588e-01 6.900000000000000000e+02
2.091498357273307296e-01 7.000000000000000000e+02
1.986663188245515188e-01 7.100000000000000000e+02
1.987047181634421789e-01 7.200000000000000000e+02
1.962161412961207774e-01 7.300000000000000000e+02
1.902108044531466702e-01 7.400000000000000000e+02
1.943335965840623236e-01 7.500000000000000000e+02
1.936699873923184434e-01 7.600000000000000000e+02
1.875148482951226880e-01 7.700000000000000000e+02
1.841502602452840809e-01 7.800000000000000000e+02
1.823970483105142038e-01 7.900000000000000000e+02
1.818100594920730728e-01 8.000000000000000000e+02
1.813727500896131217e-01 8.100000000000000000e+02
1.795150182974464825e-01 8.200000000000000000e+02
1.743327411042535913e-01 8.300000000000000000e+02
1.706797462805106080e-01 8.400000000000000000e+02
1.779873329374869750e-01 8.500000000000000000e+02
1.722979918861270443e-01 8.600000000000000000e+02
1.747727791953122278e-01 8.700000000000000000e+02
1.687923616827302631e-01 8.800000000000000000e+02
1.684303942753678507e-01 8.900000000000000000e+02
1.607078729680932738e-01 9.000000000000000000e+02
1.602582741704570435e-01 9.100000000000000000e+02
1.631049906760309864e-01 9.200000000000000000e+02
1.596417365727099691e-01 9.300000000000000000e+02
1.544929496610510933e-01 9.400000000000000000e+02
1.582840183790124866e-01 9.500000000000000000e+02
1.615788726373911521e-01 9.600000000000000000e+02
1.546368659572110171e-01 9.700000000000000000e+02
1.557475067813115510e-01 9.800000000000000000e+02
1.566173390006754262e-01 9.900000000000000000e+02
1.496175623111491992e-01 1.000000000000000000e+03
1.515356337199801062e-01 1.010000000000000000e+03
1.462616121632056565e-01 1.020000000000000000e+03
1.474514634414009207e-01 1.030000000000000000e+03
1.464412502372315072e-01 1.040000000000000000e+03
1.497860378930018777e-01 1.050000000000000000e+03
1.441701461889686176e-01 1.060000000000000000e+03
1.453234822548390703e-01 1.070000000000000000e+03
1.425287016927773154e-01 1.080000000000000000e+03
1.416641278124485814e-01 1.090000000000000000e+03
1.376033274013900853e-01 1.100000000000000000e+03
1.420322556279358939e-01 1.110000000000000000e+03
1.416026797437607010e-01 1.120000000000000000e+03
1.342359078716802989e-01 1.130000000000000000e+03
1.345193786274777314e-01 1.140000000000000000e+03
1.373858195759626311e-01 1.150000000000000000e+03
1.347578871459599870e-01 1.160000000000000000e+03
1.325193126506277741e-01 1.170000000000000000e+03
1.307898867781495666e-01 1.180000000000000000e+03
1.338347753274377050e-01 1.190000000000000000e+03
1.282595339844305460e-01 1.200000000000000000e+03
1.286818145213490250e-01 1.210000000000000000e+03
1.308582305460976314e-01 1.220000000000000000e+03
1.293618479525412146e-01 1.230000000000000000e+03
1.274653115572820516e-01 1.240000000000000000e+03
1.287291514762303468e-01 1.250000000000000000e+03
1.260669262033644322e-01 1.260000000000000000e+03
1.238284678792474502e-01 1.270000000000000000e+03
1.251481666995587771e-01 1.280000000000000000e+03
1.212287003136544444e-01 1.290000000000000000e+03
1.194380935350699696e-01 1.300000000000000000e+03
1.217494209312874748e-01 1.310000000000000000e+03
1.197221353374990221e-01 1.320000000000000000e+03
1.199804706192894171e-01 1.330000000000000000e+03
1.187058825254463795e-01 1.340000000000000000e+03
1.168865001033266154e-01 1.350000000000000000e+03
1.232586233264989922e-01 1.360000000000000000e+03
1.191009970219236158e-01 1.370000000000000000e+03
1.178726446303533515e-01 1.380000000000000000e+03
1.164910412865594325e-01 1.390000000000000000e+03
1.154387419988965463e-01 1.400000000000000000e+03
1.139582907096715059e-01 1.410000000000000000e+03
1.158108830881614121e-01 1.420000000000000000e+03
1.120711510855870036e-01 1.430000000000000000e+03
1.140583270779852165e-01 1.440000000000000000e+03
1.146917625402341240e-01 1.450000000000000000e+03
1.147439910322314294e-01 1.460000000000000000e+03
1.129356889166960032e-01 1.470000000000000000e+03
1.108218606742133600e-01 1.480000000000000000e+03
1.129024649457343182e-01 1.490000000000000000e+03
1.133300413005673829e-01 1.500000000000000000e+03
1.133602629642110338e-01 1.510000000000000000e+03
1.090985103795952260e-01 1.520000000000000000e+03
1.110537259400223714e-01 1.530000000000000000e+03
1.076212436032065178e-01 1.540000000000000000e+03
1.061198645910964300e-01 1.550000000000000000e+03
1.090565476105447018e-01 1.560000000000000000e+03
1.097503599471637697e-01 1.570000000000000000e+03
1.048148314563155242e-01 1.580000000000000000e+03
1.063381869272467389e-01 1.590000000000000000e+03
1.054045505629081780e-01 1.600000000000000000e+03
1.045431006620517189e-01 1.610000000000000000e+03
1.047524158052905857e-01 1.620000000000000000e+03
1.051606000206001812e-01 1.630000000000000000e+03
1.044465260986173066e-01 1.640000000000000000e+03
1.028549248792241105e-01 1.650000000000000000e+03
1.031895309149902934e-01 1.660000000000000000e+03
1.011917940459182430e-01 1.670000000000000000e+03
9.835282044896416498e-02 1.680000000000000000e+03
1.012267322008409964e-01 1.690000000000000000e+03
1.001391155576647901e-01 1.700000000000000000e+03
1.002125479816182441e-01 1.710000000000000000e+03
9.809409115219880348e-02 1.720000000000000000e+03
1.024358152415096868e-01 1.730000000000000000e+03
1.043527302291858833e-01 1.740000000000000000e+03
1.032153438449748689e-01 1.750000000000000000e+03
9.891352903294656218e-02 1.760000000000000000e+03
9.770871453343746293e-02 1.770000000000000000e+03
1.007112267177747017e-01 1.780000000000000000e+03
9.707333201833087677e-02 1.790000000000000000e+03
9.908738163022207113e-02 1.800000000000000000e+03
9.825988765154805571e-02 1.810000000000000000e+03
9.933240945827846724e-02 1.820000000000000000e+03
9.672124626282842252e-02 1.830000000000000000e+03
9.915556481608903128e-02 1.840000000000000000e+03
9.799626618598827887e-02 1.850000000000000000e+03
9.531728472272718578e-02 1.860000000000000000e+03
9.400787302147414759e-02 1.870000000000000000e+03
9.682425706971162227e-02 1.880000000000000000e+03
9.310481068799532356e-02 1.890000000000000000e+03
9.546598874982895055e-02 1.900000000000000000e+03
9.343513946387167757e-02 1.910000000000000000e+03
9.353982496139078007e-02 1.920000000000000000e+03
9.269590081253337166e-02 1.930000000000000000e+03
9.329800979973236486e-02 1.940000000000000000e+03
9.662926922131064023e-02 1.950000000000000000e+03
9.204890739534549171e-02 1.960000000000000000e+03
9.418683143236027122e-02 1.970000000000000000e+03
9.322940464024731533e-02 1.980000000000000000e+03
9.198421578279919464e-02 1.990000000000000000e+03
8.834802314564374481e-02 2.000000000000000000e+03
9.137954957134415690e-02 2.010000000000000000e+03
8.989893061593404178e-02 2.020000000000000000e+03
9.333743984537740124e-02 2.030000000000000000e+03
9.040975135709705679e-02 2.040000000000000000e+03
9.176662759414065673e-02 2.050000000000000000e+03
8.964343635290983325e-02 2.060000000000000000e+03
8.903911459523319860e-02 2.070000000000000000e+03
8.915623645184228563e-02 2.080000000000000000e+03
8.815754826030661184e-02 2.090000000000000000e+03
8.759495249142396078e-02 2.100000000000000000e+03
8.799081871280559075e-02 2.110000000000000000e+03
8.697058855544537170e-02 2.120000000000000000e+03
8.624752702762364387e-02 2.130000000000000000e+03
8.626520312202717866e-02 2.140000000000000000e+03
8.553295731860909024e-02 2.150000000000000000e+03
8.627172348876040175e-02 2.160000000000000000e+03
8.532962855458171847e-02 2.170000000000000000e+03
9.025104932476561703e-02 2.180000000000000000e+03
8.563923374021574497e-02 2.190000000000000000e+03
8.900117749024828717e-02 2.200000000000000000e+03
8.504476445663722295e-02 2.210000000000000000e+03
8.487133075374539426e-02 2.220000000000000000e+03
8.530076162075396484e-02 2.230000000000000000e+03
8.409166779077954790e-02 2.240000000000000000e+03
8.646446316440238589e-02 2.250000000000000000e+03
8.993818808437722967e-02 2.260000000000000000e+03
8.661699572524422797e-02 2.270000000000000000e+03
8.478816406376711579e-02 2.280000000000000000e+03
8.378516089757015450e-02 2.290000000000000000e+03
8.498361217950903268e-02 2.300000000000000000e+03
8.461450596352974862e-02 2.310000000000000000e+03
8.612471464276728883e-02 2.320000000000000000e+03
8.200111780724687882e-02 2.330000000000000000e+03
8.104530249560797095e-02 2.340000000000000000e+03
8.287282654646892233e-02 2.350000000000000000e+03
8.260020955522306974e-02 2.360000000000000000e+03
8.215863343044807476e-02 2.370000000000000000e+03
8.302008996015998454e-02 2.380000000000000000e+03
8.149176902065487227e-02 2.390000000000000000e+03
8.219299962432001505e-02 2.400000000000000000e+03
8.428005783369134363e-02 2.410000000000000000e+03
8.191206806215679814e-02 2.420000000000000000e+03
8.082940704074842442e-02 2.430000000000000000e+03
8.179048086184509403e-02 2.440000000000000000e+03
8.126196164973820135e-02 2.450000000000000000e+03
8.165141886015810091e-02 2.460000000000000000e+03
7.988170781804401765e-02 2.470000000000000000e+03
8.065616462170806245e-02 2.480000000000000000e+03
8.061267455184609187e-02 2.490000000000000000e+03
7.946270519885230421e-02 2.500000000000000000e+03
8.031784435558829427e-02 2.510000000000000000e+03
7.900007979166781547e-02 2.520000000000000000e+03
8.108215785895019068e-02 2.530000000000000000e+03
8.006473256786766912e-02 2.540000000000000000e+03
8.177012036165089148e-02 2.550000000000000000e+03
7.938753898437493628e-02 2.560000000000000000e+03
8.000620924881637896e-02 2.570000000000000000e+03
7.925923206040422220e-02 2.580000000000000000e+03
7.902071737348408120e-02 2.590000000000000000e+03
7.809983145196798537e-02 2.600000000000000000e+03
7.709486226879951054e-02 2.610000000000000000e+03
7.746688246480878948e-02 2.620000000000000000e+03
7.790112568081290767e-02 2.630000000000000000e+03
7.915271191842437881e-02 2.640000000000000000e+03
7.788933212840946918e-02 2.650000000000000000e+03
7.905973780266979667e-02 2.660000000000000000e+03
7.995160425996988840e-02 2.670000000000000000e+03
7.596432849089371220e-02 2.680000000000000000e+03
7.723945474984214576e-02 2.690000000000000000e+03
7.738102666340451741e-02 2.700000000000000000e+03
7.849771021458969156e-02 2.710000000000000000e+03
7.745803595532876895e-02 2.720000000000000000e+03
7.700629271804382281e-02 2.730000000000000000e+03
7.782007514645507273e-02 2.740000000000000000e+03
7.591109068898373169e-02 2.750000000000000000e+03
7.511463165989135105e-02 2.760000000000000000e+03
7.564770306344384410e-02 2.770000000000000000e+03
7.581755401521617088e-02 2.780000000000000000e+03
7.684379796855222988e-02 2.790000000000000000e+03
7.615826183846757802e-02 2.800000000000000000e+03
7.618697851646245855e-02 2.810000000000000000e+03
7.614585479153848646e-02 2.820000000000000000e+03
7.576996463269282389e-02 2.830000000000000000e+03
7.589219346197556559e-02 2.840000000000000000e+03
7.416032604775214809e-02 2.850000000000000000e+03
7.273447593682635937e-02 2.860000000000000000e+03
7.310329379691818397e-02 2.870000000000000000e+03
7.731390181957842334e-02 2.880000000000000000e+03
7.456317298756379164e-02 2.890000000000000000e+03
7.539628006272332261e-02 2.900000000000000000e+03
7.368161880139480202e-02 2.910000000000000000e+03
7.514723729485225934e-02 2.920000000000000000e+03
7.560768840453797879e-02 2.930000000000000000e+03
7.541712108842203721e-02 2.940000000000000000e+03
7.571807843228581247e-02 2.950000000000000000e+03
7.205805228867660783e-02 2.960000000000000000e+03
7.273786631653478274e-02 2.970000000000000000e+03
7.339114205149611936e-02 2.980000000000000000e+03
7.385135847243902429e-02 2.990000000000000000e+03
7.370224796782037791e-02 3.000000000000000000e+03
7.085447635528976940e-02 3.010000000000000000e+03
7.354028772310150508e-02 3.020000000000000000e+03
7.300522173736151421e-02 3.030000000000000000e+03
7.188333071777509853e-02 3.040000000000000000e+03
7.588856724155633449e-02 3.050000000000000000e+03
7.162357909247611676e-02 3.060000000000000000e+03
7.234829913125706558e-02 3.070000000000000000e+03
7.383582899312003678e-02 3.080000000000000000e+03
7.188607262935903242e-02 3.090000000000000000e+03
7.127611344755609146e-02 3.100000000000000000e+03
6.944513019729170455e-02 3.110000000000000000e+03
7.340183453034494765e-02 3.120000000000000000e+03
7.289066555439945028e-02 3.130000000000000000e+03
7.069664594442064132e-02 3.140000000000000000e+03
7.132554438974582356e-02 3.150000000000000000e+03
7.060022929992963714e-02 3.160000000000000000e+03
7.433635151702705501e-02 3.170000000000000000e+03
7.234245289625390596e-02 3.180000000000000000e+03
7.309345841888516271e-02 3.190000000000000000e+03
7.181128508087335216e-02 3.200000000000000000e+03
