297 382 7000 110 8 1.4 1
17765.0000 2901.2500 0 2.7 1.953
8786.2500 9212.5000 0 3.3 1.357
12966.2500 9858.7500 0 2.4 51.397
8428.7500 9872.5000 0 3.8 1.992
7191.2500 10752.5000 0 9.7 2.441
11357.5000 11096.2500 0 3.9 -2.056
12622.5000 11137.5000 0 6.9 3.821
8635.0000 11247.5000 0 16.0 1.284
16390.0000 11618.7500 0 10.3 1.062
10573.7500 11907.5000 0 4.5 3.848
13145.0000 11935.0000 0 3.4 1.869
7590.0000 12072.5000 0 2.8 -1.562
8841.2500 12196.2500 0 11.6 1.729
17283.7500 12512.5000 0 13.0 1.458
10725.0000 12622.5000 0 5.7 -34.166
9721.2500 12677.5000 0 9.7 3.792
19497.5000 13351.2500 0 3.6 2.703
15977.5000 13763.7500 0 19.7 1.642
5128.7500 13791.2500 0 1.8 6.577
17242.5000 13818.7500 0 5.2 2.962
12416.2500 13887.5000 0 5.2 2.559
22178.7500 13983.7500 0 3.3 1.916
12911.2500 14355.0000 0 4.0 4.880
18315.0000 14685.0000 0 4.8 1.498
13475.0000 15056.2500 0 5.5 6.984
5183.7500 15317.5000 0 4.5 1.264
2530.0000 16266.2500 0 8.1 1.132
21106.2500 16376.2500 0 3.9 -2.380
21518.7500 17105.0000 0 5.1 -1.392
7122.5000 17146.2500 0 5.8 2.988
5156.2500 17338.7500 0 3.4 3.820
23141.2500 17710.0000 0 5.4 1.468
6545.0000 17778.7500 0 6.3 2.657
5761.2500 18920.0000 0 3.6 -0.186
4400.0000 21175.0000 0 7.3 -1.180
14148.7500 21876.2500 0 3.0 -1.551
4688.7500 22357.5000 0 3.3 -0.564
23650.0000 22371.2500 0 5.2 -2.634
20295.0000 22550.0000 0 24.0 1.247
7507.5000 25850.0000 0 5.6 1.895
11398.7500 25987.5000 0 2.3 1.906
22055.0000 28517.5000 0 23.2 1.105
18370.0000 33990.0000 0 7.2 2.373
9652.5000 34375.0000 0 4.5 -0.819
28806.2500 37207.5000 0 5.1 2.771
30511.2500 39751.2500 0 13.2 1.492
16335.0000 5142.5000 1 2.1 2.792
8731.2500 9295.0000 1 2.8 2.294
8456.2500 9886.2500 1 7.7 3.357
7163.7500 10725.0000 1 11.6 1.222
11302.5000 11082.5000 1 2.2 -3.911
12581.2500 11151.2500 1 4.0 1.958
8635.0000 11261.2500 1 14.4 1.319
16403.7500 11522.5000 1 3.0 2.029
9405.0000 11605.0000 1 4.3 3.593
10518.7500 11921.2500 1 5.2 2.900
13172.5000 11962.5000 1 3.4 2.710
8827.5000 12196.2500 1 8.3 2.165
10738.7500 12595.0000 1 5.9 1.169
17448.7500 12663.7500 1 4.1 1.563
9776.2500 12677.5000 1 3.6 2.455
8593.7500 12705.0000 1 6.0 4.895
16403.7500 13158.7500 1 2.7 1.643
19428.7500 13310.0000 1 5.0 3.382
7672.5000 13750.0000 1 7.9 1.393
12375.0000 13873.7500 1 5.9 1.526
14423.7500 14148.7500 1 11.7 1.357
12856.2500 14327.5000 1 4.0 3.188
20735.0000 14533.7500 1 6.5 2.088
16225.0000 14616.2500 1 3.0 1.808
18342.5000 14685.0000 1 3.4 1.237
5197.5000 15290.0000 1 2.2 1.874
2516.2500 16238.7500 1 4.3 2.002
7218.7500 16348.7500 1 10.8 1.764
22165.0000 16720.0000 1 2.7 -0.443
21532.5000 17118.7500 1 4.7 3.836
5156.2500 17352.5000 1 2.2 1.117
6558.7500 17778.7500 1 7.8 1.639
4606.2500 18865.0000 1 4.7 1.459
6847.5000 19360.0000 1 2.7 15.420
4413.7500 21106.2500 1 7.9 1.016
18232.5000 22165.0000 1 4.7 1.194
4688.7500 22371.2500 1 2.5 -1.527
20281.2500 22563.7500 1 25.2 1.669
14575.0000 24983.7500 1 3.0 14.709
7411.2500 25685.0000 1 3.3 -3.460
11343.7500 25960.0000 1 2.5 2.940
22055.0000 28531.2500 1 23.5 1.019
18383.7500 34017.5000 1 7.2 3.457
30497.5000 39765.0000 1 13.5 1.418
8772.5000 9226.2500 2 2.4 11.459
8291.2500 10353.7500 2 12.2 1.308
7177.5000 10725.0000 2 4.0 1.402
11357.5000 11082.5000 2 3.2 2.218
14630.0000 11151.2500 2 2.3 1.882
16403.7500 11577.5000 2 7.2 1.872
9473.7500 11660.0000 2 2.0 3.521
13213.7500 11990.0000 2 2.1 1.193
10546.2500 12017.5000 2 4.8 2.250
6888.7500 12196.2500 2 6.1 -2.622
10725.0000 12608.7500 2 4.9 1.167
9790.0000 12732.5000 2 3.4 0.166
16321.2500 13158.7500 2 14.4 3.057
19415.0000 13282.5000 2 3.8 -5.913
10972.5000 13571.2500 2 3.5 1.873
7672.5000 13763.7500 2 6.8 1.265
12361.2500 13901.2500 2 5.6 1.865
16183.7500 14025.0000 2 19.0 1.804
18713.7500 14025.0000 2 3.3 -0.353
14437.5000 14148.7500 2 6.4 2.765
12801.2500 14286.2500 2 4.5 -11.630
13722.5000 14313.7500 2 3.1 -0.613
20226.2500 14368.7500 2 4.0 3.698
11288.7500 14423.7500 2 5.9 2.521
18810.0000 14918.7500 2 2.9 15.091
2530.0000 16266.2500 2 7.0 1.121
21560.0000 16527.5000 2 6.2 -23.313
22137.5000 16733.7500 2 5.0 3.060
22811.2500 17228.7500 2 11.3 1.652
5156.2500 17462.5000 2 3.2 -0.255
6558.7500 17792.5000 2 6.6 4.979
4702.5000 18741.2500 2 8.4 2.176
6847.5000 19387.5000 2 10.8 2.430
23320.0000 20171.2500 2 2.6 1.758
4427.5000 21106.2500 2 3.5 4.524
4702.5000 22385.0000 2 2.5 2.551
20281.2500 22563.7500 2 25.1 2.050
7493.7500 25712.5000 2 3.1 -82.687
11357.5000 25987.5000 2 2.4 2.746
22055.0000 28531.2500 2 23.4 1.265
18397.5000 34031.2500 2 4.8 1.507
30497.5000 39751.2500 2 13.3 1.266
8800.0000 9226.2500 3 2.5 1.197
14630.0000 11137.5000 3 5.3 93.014
8607.5000 11275.0000 3 14.1 1.288
12622.5000 11563.7500 3 4.4 1.751
16403.7500 11591.2500 3 6.5 1.234
10601.2500 11866.2500 3 2.7 5.652
6875.0000 12182.5000 3 9.2 1.356
9721.2500 12471.2500 3 12.1 1.977
19387.5000 13227.5000 3 2.3 -2.291
17902.5000 13543.7500 3 7.1 2.755
16981.2500 13571.2500 3 8.8 1.450
20996.2500 13901.2500 3 1.9 -1.513
16128.7500 13983.7500 3 12.3 1.377
13186.2500 14272.5000 3 14.4 1.321
7521.2500 14547.5000 3 10.0 1.726
6971.2500 15235.0000 3 9.1 1.860
2530.0000 16280.0000 3 6.3 1.411
21436.2500 16582.5000 3 2.6 -30.512
22811.2500 17242.5000 3 13.4 1.853
4647.5000 18810.0000 3 6.1 5.799
6008.7500 18920.0000 3 3.8 -9.899
4675.0000 22371.2500 3 2.5 7.053
20281.2500 22577.5000 3 25.6 1.231
7438.7500 25726.2500 3 3.3 8.731
22041.2500 28531.2500 3 22.6 1.107
30497.5000 39765.0000 3 13.9 1.136
8483.7500 9583.7500 4 8.0 2.164
14602.5000 11178.7500 4 2.7 1.639
16307.5000 11660.0000 4 7.2 1.510
13131.2500 11907.5000 4 4.0 1.517
6833.7500 12031.2500 4 7.2 -5.117
9886.2500 12278.7500 4 11.5 1.263
16898.7500 12870.0000 4 4.4 40.919
22921.2500 13255.0000 4 3.9 2.804
17902.5000 13502.5000 4 10.2 1.299
5101.2500 13557.5000 4 6.8 1.485
17160.0000 13763.7500 4 5.6 1.520
16376.2500 14025.0000 4 10.5 -0.949
15427.5000 14107.5000 4 11.5 1.959
13172.5000 14272.5000 4 16.8 1.581
19016.2500 14382.5000 4 2.0 2.120
12182.5000 14410.0000 4 8.8 1.802
7535.0000 14547.5000 4 7.4 1.914
6916.2500 15537.5000 4 7.3 1.294
2516.2500 16266.2500 4 3.6 3.007
6861.2500 16266.2500 4 10.4 1.277
23388.7500 16417.5000 4 6.0 1.092
22811.2500 17256.2500 4 13.0 1.221
7521.2500 18026.2500 4 6.4 3.698
23388.7500 18438.7500 4 4.4 1.343
5720.0000 19236.2500 4 4.4 3.701
4647.5000 22412.5000 4 2.8 2.470
20267.5000 22577.5000 4 24.8 1.578
7438.7500 25726.2500 4 3.3 1.606
22041.2500 28545.0000 4 22.9 1.175
30497.5000 39778.7500 4 13.4 1.423
15620.0000 5376.2500 5 1.8 2.853
8745.0000 9253.7500 5 5.5 3.941
8538.7500 9515.0000 5 5.2 -1.591
11385.0000 9748.7500 5 4.3 2.440
7026.2500 10725.0000 5 4.4 21.840
12815.0000 11591.2500 5 4.8 3.726
10628.7500 11921.2500 5 2.7 2.001
9817.5000 12870.0000 5 10.4 1.741
16362.5000 13296.2500 5 13.6 1.616
16376.2500 14011.2500 5 13.6 1.830
13241.2500 14382.5000 5 7.8 56.612
2530.0000 16266.2500 5 6.1 20.017
6861.2500 16280.0000 5 5.2 2.980
23416.2500 16431.2500 5 10.0 2.881
23388.7500 18452.5000 5 10.3 2.665
5692.5000 19250.0000 5 4.8 3.584
4950.0000 21848.7500 5 5.7 1.461
20281.2500 22591.2500 5 24.1 1.668
7438.7500 25753.7500 5 3.5 -2.891
22041.2500 28545.0000 5 22.9 1.116
30497.5000 39778.7500 5 13.2 1.335
8786.2500 9226.2500 6 4.9 1.299
7012.5000 10738.7500 6 2.3 4.261
15111.2500 11220.0000 6 4.2 2.153
16390.0000 11728.7500 6 5.8 2.443
10477.5000 12113.7500 6 5.9 1.681
9790.0000 12870.0000 6 3.5 2.830
16376.2500 13296.2500 6 15.0 1.292
22247.5000 13887.5000 6 3.1 1.877
16582.5000 14107.5000 6 16.3 -1.960
11398.7500 14272.5000 6 5.0 3.037
18411.2500 14313.7500 6 6.1 2.864
13296.2500 14492.5000 6 8.0 2.890
10065.0000 14795.0000 6 3.4 4.020
18810.0000 14973.7500 6 2.3 2.798
19538.7500 15455.0000 6 2.5 1.316
7191.2500 15578.7500 6 4.3 1.299
7947.5000 15991.2500 6 2.7 -3.232
2516.2500 16280.0000 6 7.8 3.083
23553.7500 16568.7500 6 9.2 1.304
5898.7500 17187.5000 6 3.2 -7.595
5156.2500 17668.7500 6 3.2 41.385
23388.7500 18438.7500 6 7.9 1.976
5720.0000 19250.0000 6 2.8 -0.140
6600.0000 20473.7500 6 5.4 1.226
4950.0000 21890.0000 6 7.3 3.329
20267.5000 22591.2500 6 23.8 1.918
7548.7500 26083.7500 6 6.6 3.720
22041.2500 28558.7500 6 23.4 1.221
12966.2500 34402.5000 6 5.8 2.096
16940.0000 36877.5000 6 2.8 -0.601
30511.2500 39792.5000 6 12.7 1.704
8786.2500 9212.5000 7 4.2 1.254
10477.5000 9790.0000 7 3.0 1.347
8373.7500 10450.0000 7 5.4 1.229
15125.0000 11220.0000 7 4.9 1.279
10491.2500 12086.2500 7 4.6 2.555
6902.5000 12333.7500 7 2.8 6.681
16995.0000 12938.7500 7 13.0 1.128
16403.7500 13282.5000 7 23.5 2.259
22247.5000 13887.5000 7 6.4 1.055
4963.7500 14162.5000 7 2.4 -2.611
11467.5000 14272.5000 7 6.9 2.256
21738.7500 14272.5000 7 5.2 -4.972
18425.0000 14300.0000 7 7.1 1.779
12333.7500 14382.5000 7 3.9 3.268
12842.5000 14423.7500 7 4.4 0.060
13750.0000 14465.0000 7 6.0 1.359
18796.2500 14918.7500 7 3.2 5.321
21807.5000 15056.2500 7 3.3 2.893
19593.7500 15468.7500 7 2.9 -4.163
7878.7500 16018.7500 7 4.4 5.751
7136.2500 16211.2500 7 8.8 1.192
2516.2500 16280.0000 7 4.8 -29.601
23361.2500 16513.7500 7 6.0 2.082
21958.7500 16816.2500 7 6.7 3.187
5871.2500 17187.5000 7 9.0 4.005
6861.2500 17943.7500 7 2.3 5.030
4620.0000 18892.5000 7 2.9 -65.958
9927.5000 20556.2500 7 6.6 -1.020
12416.2500 20762.5000 7 1.8 -667.161
22055.0000 21271.2500 7 1.8 2.827
4950.0000 21931.2500 7 6.7 2.446
20267.5000 22591.2500 7 25.3 1.193
10573.7500 24997.5000 7 2.9 7.381
7480.0000 25753.7500 7 2.9 1.621
22041.2500 28558.7500 7 22.9 1.186
673.7500 33206.2500 7 2.9 1.392
16953.7500 36863.7500 7 3.6 -4.943
25396.2500 39710.0000 7 4.9 1.600
30497.5000 39792.5000 7 13.1 1.152
8786.2500 9212.5000 8 4.0 1.473
8415.0000 9831.2500 8 3.2 7.957
8415.0000 10436.2500 8 6.5 1.221
16692.5000 11866.2500 8 1.5 5.213
10546.2500 11907.5000 8 7.0 1.111
13186.2500 12031.2500 8 4.6 1.470
9941.2500 12237.5000 8 8.8 2.527
11385.0000 13021.2500 8 3.2 159.545
16115.0000 13777.5000 8 8.0 2.304
19360.0000 13860.0000 8 4.5 12.688
22247.5000 13901.2500 8 4.7 1.838
17008.7500 14121.2500 8 5.2 8.158
11453.7500 14231.2500 8 12.6 1.514
13200.0000 14300.0000 8 14.6 2.373
18438.7500 14300.0000 8 6.3 1.740
18796.2500 14946.2500 8 2.2 3.812
21780.0000 15097.5000 8 7.1 1.903
7397.5000 15675.0000 8 11.5 1.274
7191.2500 16142.5000 8 7.6 2.363
2530.0000 16280.0000 8 6.2 1.603
23416.2500 16555.0000 8 4.1 2.503
22110.0000 16678.7500 8 3.9 3.968
24007.5000 17311.2500 8 5.4 2.745
6778.7500 17393.7500 8 2.2 -7.359
23595.0000 18397.5000 8 5.6 3.512
9927.5000 20556.2500 8 8.9 2.324
26166.2500 20597.5000 8 3.5 -0.606
4963.7500 21958.7500 8 5.0 36.195
15303.7500 22137.5000 8 4.6 -19.640
20281.2500 22591.2500 8 24.8 1.156
7466.2500 25740.0000 8 2.2 -1.736
22041.2500 28558.7500 8 23.3 1.111
660.0000 33151.2500 8 3.5 1.234
30497.5000 39778.7500 8 13.5 1.357
17118.7500 3300.0000 9 8.5 8.667
8786.2500 9212.5000 9 3.2 1.770
8456.2500 10450.0000 9 8.0 1.895
15070.0000 11151.2500 9 1.9 2.115
11288.7500 11192.5000 9 10.0 1.294
13048.7500 12072.5000 9 3.3 7.559
7617.5000 12306.2500 9 3.9 2.902
9941.2500 12402.5000 9 26.6 1.206
11371.2500 12980.0000 9 9.0 3.043
17008.7500 13337.5000 9 16.8 2.113
17682.5000 13488.7500 9 11.4 1.753
22577.5000 13791.2500 9 5.7 3.356
19291.2500 13846.2500 9 3.2 9.096
15922.5000 13942.5000 9 11.3 1.797
7590.0000 14121.2500 9 2.2 1.774
11426.2500 14217.5000 9 5.0 1.576
18576.2500 14217.5000 9 3.1 14.871
12292.5000 14258.7500 9 3.2 -586.137
12993.7500 14382.5000 9 4.0 1.452
7961.2500 16032.5000 9 3.9 2.284
10683.7500 16073.7500 9 6.1 1.337
2530.0000 16280.0000 9 7.9 1.631
22550.0000 17187.5000 9 6.0 2.348
24021.2500 17325.0000 9 4.2 8.884
6765.0000 17352.5000 9 4.5 1.638
21656.2500 17366.2500 9 3.8 7.728
23113.7500 17710.0000 9 4.6 1.965
9941.2500 20528.7500 9 6.1 -2.254
20281.2500 22591.2500 9 26.0 1.046
17462.5000 28050.0000 9 2.3 -1.017
22041.2500 28558.7500 9 23.2 1.122
10326.2500 29755.0000 9 1.7 6.433
10120.0000 30662.5000 9 2.7 9.504
673.7500 33165.0000 9 3.0 1.805
13488.7500 36808.7500 9 6.3 3.801
30497.5000 39778.7500 9 12.6 2.349
4455.0000 2213.7500 10 2.3 15.351
8772.5000 9226.2500 10 4.5 1.221
10505.0000 9817.5000 10 6.0 1.894
8428.7500 10491.2500 10 8.8 1.090
12512.5000 11096.2500 10 3.0 27.644
11302.5000 11192.5000 10 10.8 1.603
8580.0000 11206.2500 10 16.9 1.257
7342.5000 11385.0000 10 10.6 1.663
10587.5000 11948.7500 10 4.4 4.204
13516.2500 11962.5000 10 11.8 -0.619
12938.7500 12182.5000 10 22.1 1.340
9927.5000 12402.5000 10 14.2 1.400
15455.0000 12498.7500 10 7.6 1.038
17022.5000 13378.7500 10 23.6 1.314
17627.5000 13502.5000 10 13.0 1.542
16115.0000 13846.2500 10 8.3 2.594
21615.0000 14107.5000 10 2.8 -3.207
17490.0000 14135.0000 10 10.9 2.315
11481.2500 14272.5000 10 4.5 5.465
12223.7500 14300.0000 10 3.3 1.708
12856.2500 14355.0000 10 4.0 -5.044
18768.7500 14905.0000 10 2.3 53.099
10683.7500 16073.7500 10 7.6 -25.929
2543.7500 16280.0000 10 8.0 2.941
7273.7500 16940.0000 10 7.4 2.958
22536.2500 17201.2500 10 4.6 2.459
21725.0000 17393.7500 10 3.4 -0.911
23168.7500 18081.2500 10 5.3 3.827
4578.7500 18892.5000 10 5.4 2.316
8731.2500 20198.7500 10 1.6 2.109
20281.2500 22591.2500 10 25.2 1.387
7452.5000 25740.0000 10 2.2 -1.190
22041.2500 28572.5000 10 24.9 1.218
16665.0000 29906.2500 10 3.5 -1091.453
687.5000 33151.2500 10 3.1 8.647
13475.0000 36795.0000 10 6.5 1.265
30497.5000 39792.5000 10 12.4 1.356
4441.2500 2172.5000 11 2.6 7.159
8772.5000 9212.5000 11 4.5 1.725
8635.0000 10147.5000 11 9.2 1.315
13392.5000 10573.7500 11 3.2 -6.755
11316.2500 11192.5000 11 18.5 1.147
8580.0000 11206.2500 11 6.0 5.227
15111.2500 11261.2500 11 8.0 1.460
13145.0000 11550.0000 11 13.1 1.123
15771.2500 11715.0000 11 10.0 1.259
7177.5000 11838.7500 11 7.8 2.877
16651.2500 11852.5000 11 3.0 2.133
12993.7500 12113.7500 11 9.6 4.480
9693.7500 12581.2500 11 7.5 2.048
16183.7500 13282.5000 11 16.1 1.567
16981.2500 13392.5000 11 11.4 1.504
21106.2500 13598.7500 11 6.3 7.442
14588.7500 13791.2500 11 3.4 -1.563
17490.0000 14217.5000 11 8.7 1.757
11426.2500 14245.0000 11 4.6 2.406
13502.5000 14286.2500 11 7.6 1.570
12168.7500 14396.2500 11 5.1 2.532
18122.5000 14602.5000 11 4.3 1.758
18878.7500 14987.5000 11 3.1 4.409
20116.2500 15757.5000 11 4.1 1.411
2530.0000 16280.0000 11 8.3 1.176
5183.7500 17201.2500 11 6.1 1.715
6792.5000 17338.7500 11 4.1 3.810
4578.7500 18892.5000 11 3.3 2.675
16362.5000 19882.5000 11 6.1 1.117
8332.5000 20528.7500 11 7.5 4.863
20281.2500 22605.0000 11 25.8 1.277
7315.0000 25575.0000 11 6.3 9.379
22041.2500 28572.5000 11 24.3 1.431
16665.0000 29933.7500 11 4.1 3.030
646.2500 33206.2500 11 3.0 1.916
13488.7500 36822.5000 11 5.1 1.179
30497.5000 39792.5000 11 12.5 1.064
4413.7500 2213.7500 12 3.3 -4.286
8635.0000 10161.2500 12 2.1 2.652
13406.2500 10628.7500 12 2.7 2.131
11302.5000 11178.7500 12 11.8 1.229
13145.0000 11536.2500 12 15.0 1.649
15771.2500 11715.0000 12 12.7 1.308
9831.2500 12553.7500 12 13.8 1.691
16830.0000 13007.5000 12 9.3 1.941
17696.2500 13543.7500 12 9.3 1.291
20858.7500 13640.0000 12 6.9 3.668
19470.0000 13901.2500 12 3.5 2.294
16142.5000 13915.0000 12 6.7 -1.604
14066.2500 14162.5000 12 9.8 1.571
17503.7500 14203.7500 12 7.2 1.026
12952.5000 14382.5000 12 11.5 1.456
12127.5000 14437.5000 12 11.8 1.272
18906.2500 15056.2500 12 2.4 3.071
7081.2500 15331.2500 12 2.6 -22.337
2530.0000 16293.7500 12 7.3 1.392
23622.5000 16623.7500 12 6.6 5.106
7095.0000 16912.5000 12 7.5 1.139
27183.7500 20913.7500 12 5.3 1.452
4386.2500 22288.7500 12 1.9 3.378
20281.2500 22605.0000 12 25.7 1.714
7452.5000 25726.2500 12 4.2 3.838
22055.0000 28572.5000 12 23.5 1.024
660.0000 33165.0000 12 2.4 1.565
30497.5000 39792.5000 12 12.4 1.482
4455.0000 2186.2500 13 3.0 -2.705
8772.5000 9240.0000 13 4.8 1.641
8470.0000 10436.2500 13 7.4 -2.568
17077.5000 10711.2500 13 2.7 2.947
8483.7500 11137.5000 13 2.4 -7.728
11220.0000 11233.7500 13 14.9 1.360
12553.7500 11687.5000 13 12.3 1.368
6833.7500 11990.0000 13 4.5 -0.591
17063.7500 12760.0000 13 5.7 1.170
17710.0000 13543.7500 13 11.3 1.923
16005.0000 13750.0000 13 10.4 -9.386
7658.7500 13928.7500 13 3.1 1.432
19428.7500 13928.7500 13 4.1 5.406
17531.2500 14217.5000 13 7.8 1.105
14066.2500 14231.2500 13 9.7 1.197
12952.5000 14368.7500 13 17.8 1.554
13750.0000 14533.7500 13 12.0 1.458
7631.2500 14987.5000 13 8.8 2.172
2530.0000 16280.0000 13 2.5 4.703
22935.0000 16651.2500 13 4.1 1.784
23622.5000 16651.2500 13 6.6 1.354
7095.0000 16912.5000 13 14.4 1.335
4578.7500 18906.2500 13 5.5 2.434
14588.7500 21903.7500 13 2.0 -7.770
29521.2500 22233.7500 13 4.2 2.164
20281.2500 22605.0000 13 26.2 1.416
8965.0000 22921.2500 13 1.5 5.499
7342.5000 25671.2500 13 6.4 1.291
22055.0000 28572.5000 13 23.4 1.072
660.0000 33137.5000 13 2.7 1.517
30511.2500 39806.2500 13 12.9 1.256
16513.7500 40452.5000 13 2.2 -5.454
4413.7500 2213.7500 14 3.7 -6.158
8786.2500 9240.0000 14 5.3 1.841
8552.5000 10477.5000 14 5.7 1.473
11220.0000 11247.5000 14 17.6 1.434
12801.2500 11591.2500 14 3.2 1.451
7892.5000 12760.0000 14 3.2 1.935
8415.0000 12773.7500 14 2.8 -2.542
16871.2500 13406.2500 14 2.8 20.412
19470.0000 13915.0000 14 2.3 5.274
16183.7500 14052.5000 14 15.2 1.475
17503.7500 14245.0000 14 7.6 2.066
22233.7500 14245.0000 14 7.2 1.950
13392.5000 14286.2500 14 7.9 1.564
23925.0000 16871.2500 14 1.8 3.974
6806.2500 17366.2500 14 3.9 1.326
4798.7500 22371.2500 14 3.3 -4.315
20295.0000 22618.7500 14 25.9 1.300
7273.7500 25657.5000 14 6.4 1.744
22055.0000 28572.5000 14 22.2 1.033
30511.2500 39806.2500 14 13.5 1.045
4427.5000 2255.0000 15 2.3 1.653
8800.0000 9253.7500 15 4.6 1.284
8662.5000 10216.2500 15 3.2 4.604
8236.2500 10697.5000 15 6.7 2.155
11357.5000 11137.5000 15 14.0 1.507
7933.7500 12773.7500 15 5.1 -46.066
22275.0000 13970.0000 15 8.7 1.498
16183.7500 14025.0000 15 12.1 1.310
15441.2500 14121.2500 15 5.6 1.332
29851.2500 14258.7500 15 5.2 -11.229
12333.7500 14341.2500 15 3.1 9.993
13392.5000 14341.2500 15 8.3 1.726
11233.7500 14423.7500 15 16.5 1.561
7535.0000 15496.2500 15 14.1 1.569
20171.2500 15895.0000 15 3.1 -0.999
7012.5000 16183.7500 15 3.7 10.138
6778.7500 17366.2500 15 4.0 1.406
5128.7500 17572.5000 15 3.0 -126.639
5458.7500 18603.7500 15 2.5 2.031
4606.2500 18933.7500 15 2.8 2.713
26317.5000 20776.2500 15 2.8 1.130
4812.5000 22385.0000 15 3.0 -2.717
20295.0000 22618.7500 15 25.9 1.268
29383.7500 25396.2500 15 8.4 1.215
7301.2500 25698.7500 15 3.3 21.580
22055.0000 28586.2500 15 23.1 1.157
24090.0000 33302.5000 15 2.2 5.574
30511.2500 39820.0000 15 13.7 1.809
4441.2500 2213.7500 16 2.4 4.571
8786.2500 9253.7500 16 3.8 2.010
12375.0000 11165.0000 16 1.8 13.841
11330.0000 11178.7500 16 14.8 1.235
8538.7500 11412.5000 16 7.3 2.408
13076.2500 11770.0000 16 3.9 2.050
7892.5000 12773.7500 16 4.8 2.175
9391.2500 12856.2500 16 3.4 1.700
15853.7500 13722.5000 16 3.8 -0.101
20982.5000 13722.5000 16 7.4 2.079
22385.0000 13846.2500 16 9.0 -2.399
15441.2500 13970.0000 16 4.2 -0.266
11233.7500 14423.7500 16 18.3 1.463
12842.5000 14423.7500 16 3.4 -2.886
19140.0000 14465.0000 16 3.5 -0.289
21505.0000 14973.7500 16 6.1 1.492
7246.2500 16926.2500 16 15.5 1.654
5348.7500 18796.2500 16 2.2 1.781
4578.7500 18947.5000 16 5.4 2.107
5733.7500 19057.5000 16 2.3 2.911
13543.7500 19291.2500 16 3.5 2.000
26386.2500 20762.5000 16 2.0 -8.555
15743.7500 20968.7500 16 9.9 1.721
4785.0000 22412.5000 16 3.5 2.943
20295.0000 22618.7500 16 25.5 1.111
22041.2500 28586.2500 16 23.5 1.128
12361.2500 30923.7500 16 1.9 7.197
24048.7500 33302.5000 16 8.0 1.415
7837.5000 35860.0000 16 4.4 2.451
30525.0000 39820.0000 16 12.9 1.344
4372.5000 2227.5000 17 3.5 -1.108
14410.0000 7810.0000 17 6.5 9.085
12718.7500 9143.7500 17 7.0 1.138
8786.2500 9267.5000 17 6.8 1.198
8621.2500 10656.2500 17 6.7 1.463
11288.7500 11233.7500 17 13.2 1.353
14561.2500 11247.5000 17 1.8 -16.901
7920.0000 12773.7500 17 3.5 0.649
9377.5000 12842.5000 17 4.0 1.715
11783.7500 12883.7500 17 4.0 1.451
16417.5000 13200.0000 17 7.1 1.115
16953.7500 13585.0000 17 7.3 1.479
15950.0000 13667.5000 17 7.0 5.579
11220.0000 14410.0000 17 3.5 1.090
12842.5000 14423.7500 17 3.3 -6.003
16156.2500 14616.2500 17 2.4 2.404
7246.2500 16912.5000 17 15.5 1.977
7810.0000 17792.5000 17 3.3 42.457
6902.5000 17916.2500 17 2.9 -46.513
23691.2500 18150.0000 17 7.6 1.453
23388.7500 19181.2500 17 4.2 1.496
19195.0000 21023.7500 17 2.4 -1.667
20281.2500 22618.7500 17 24.9 1.375
22041.2500 28586.2500 17 22.6 1.222
24021.2500 33330.0000 17 4.4 1.343
10835.0000 34925.0000 17 2.8 3.015
7823.7500 35873.7500 17 4.5 4.385
24145.0000 38527.5000 17 5.0 -0.791
30525.0000 39806.2500 17 12.1 2.496
4441.2500 2213.7500 18 3.4 7.085
14382.5000 2832.5000 18 1.8 2.417
8800.0000 9240.0000 18 4.1 1.711
11302.5000 11220.0000 18 11.2 1.553
14588.7500 11233.7500 18 7.9 1.424
16183.7500 11852.5000 18 9.6 2.533
10711.2500 11866.2500 18 2.8 0.029
13268.7500 11921.2500 18 27.9 1.243
6820.0000 12003.7500 18 3.8 11.277
16390.0000 13200.0000 18 17.4 1.632
16060.0000 13763.7500 18 11.8 -0.669
11302.5000 14423.7500 18 5.2 1.884
12856.2500 14451.2500 18 12.5 1.363
13200.0000 14506.2500 18 11.9 2.562
6861.2500 16170.0000 18 12.3 1.427
5225.0000 16266.2500 18 2.8 2.219
21450.0000 16458.7500 18 2.5 -3.495
5665.0000 17228.7500 18 8.1 1.523
6765.0000 17380.0000 18 4.3 7.667
23663.7500 18136.2500 18 17.6 1.176
5706.2500 18961.2500 18 2.8 1.361
5843.7500 21202.5000 18 5.2 1.443
20281.2500 22618.7500 18 25.0 1.144
22055.0000 28572.5000 18 23.0 1.140
12347.5000 30841.2500 18 2.4 -4.774
24035.0000 33275.0000 18 2.3 9.710
20666.2500 33852.5000 18 2.2 2.779
10821.2500 34911.2500 18 9.1 1.099
7851.2500 35873.7500 18 4.8 2.285
24103.7500 38527.5000 18 4.7 -105.919
30525.0000 39806.2500 18 12.3 2.157
8731.2500 9322.5000 19 4.1 -4.317
8635.0000 9611.2500 19 4.0 2.462
11385.0000 11110.0000 19 14.7 2.278
797.5000 11123.7500 19 2.3 10.029
16156.2500 11852.5000 19 15.9 1.343
10725.0000 11866.2500 19 4.1 1.425
13255.0000 11921.2500 19 22.7 2.897
17187.5000 12870.0000 19 12.4 1.038
20831.2500 13461.2500 19 5.1 2.479
16101.2500 13846.2500 19 10.1 2.605
12265.0000 14203.7500 19 3.4 1.135
12911.2500 14410.0000 19 3.5 -0.954
18150.0000 14561.2500 19 1.9 2.575
6847.5000 16156.2500 19 13.6 1.165
5183.7500 16472.5000 19 3.2 3.794
5665.0000 17215.0000 19 9.4 1.439
6792.5000 17352.5000 19 5.2 1.525
23677.5000 18136.2500 19 10.1 3.174
5527.5000 18163.7500 19 4.0 -2.197
4606.2500 18906.2500 19 2.6 -1.386
8346.2500 20556.2500 19 3.8 -0.330
7713.7500 22055.0000 19 4.8 1.702
20267.5000 22605.0000 19 25.0 1.364
7590.0000 25905.0000 19 6.9 2.847
22041.2500 28572.5000 19 23.3 1.246
30896.2500 32120.0000 19 7.1 1.658
10835.0000 34925.0000 19 8.4 1.384
7837.5000 35791.2500 19 3.9 1.990
27211.2500 38623.7500 19 2.1 6.254
30525.0000 39806.2500 19 12.1 1.169
8428.7500 4427.5000 20 5.4 1.023
8772.5000 9281.2500 20 3.0 3.936
8483.7500 9735.0000 20 3.6 -11.728
8456.2500 10642.5000 20 4.3 -28.147
11440.0000 11013.7500 20 8.4 1.299
13172.5000 11591.2500 20 11.7 4.655
11453.7500 11673.7500 20 2.7 2.366
16046.2500 11783.7500 20 9.6 3.606
10573.7500 11962.5000 20 4.0 3.581
7576.2500 12141.2500 20 5.7 -3.760
20817.5000 13447.5000 20 2.9 9.931
4867.5000 13475.0000 20 2.7 3.017
17132.5000 13667.5000 20 3.1 -0.429
16046.2500 13956.2500 20 10.2 1.101
22206.2500 14066.2500 20 3.1 2.270
12237.5000 14135.0000 20 2.8 -2.007
12883.7500 14423.7500 20 3.5 1.858
18191.2500 14533.7500 20 5.4 11.114
18933.7500 14932.5000 20 2.4 -9.490
21326.2500 15166.2500 20 4.3 1.255
5183.7500 16197.5000 20 2.6 2.531
6902.5000 16211.2500 20 14.2 1.320
20350.0000 16252.5000 20 3.0 -0.293
7260.0000 16651.2500 20 19.8 1.717
12361.2500 16788.7500 20 4.5 3.812
6792.5000 17380.0000 20 7.4 2.392
6875.0000 18095.0000 20 13.2 1.635
23663.7500 18136.2500 20 9.7 1.274
5527.5000 18163.7500 20 4.1 -1.053
4578.7500 18892.5000 20 6.1 5.433
8291.2500 20556.2500 20 4.0 3.334
7727.5000 22055.0000 20 7.9 1.317
20281.2500 22605.0000 20 24.5 1.096
22041.2500 28572.5000 20 23.4 1.073
30896.2500 32106.2500 20 2.8 2.898
10835.0000 34897.5000 20 5.9 1.623
30511.2500 39792.5000 20 11.7 1.208
8442.5000 9487.5000 21 6.6 1.559
8442.5000 10408.7500 21 6.6 2.602
11357.5000 10890.0000 21 3.6 -15.457
7053.7500 11013.7500 21 2.7 3.795
15290.0000 11302.5000 21 9.2 1.638
16651.2500 11797.5000 21 4.6 6.844
10628.7500 11921.2500 21 2.6 5.357
7108.7500 12540.0000 21 5.9 1.971
17600.0000 12677.5000 21 9.1 1.908
10312.5000 12911.2500 21 4.8 5.411
4936.2500 13475.0000 21 5.1 3.500
16073.7500 13846.2500 21 16.3 3.546
11467.5000 14217.5000 21 5.2 16.007
21312.5000 14286.2500 21 5.4 4.116
17503.7500 14341.2500 21 5.2 1.812
12168.7500 14437.5000 21 14.8 1.302
7631.2500 14451.2500 21 8.5 1.266
18177.5000 14547.5000 21 6.0 2.729
20721.2500 14863.7500 21 8.7 1.785
18906.2500 14877.5000 21 2.8 -0.479
6792.5000 15235.0000 21 3.8 3.888
5170.0000 15331.2500 21 4.2 -1.196
19580.0000 15413.7500 21 2.2 -20.049
6888.7500 16156.2500 21 11.9 1.624
20363.7500 16197.5000 21 5.5 1.276
21395.0000 16500.0000 21 5.0 3.781
23416.2500 16568.7500 21 4.2 1.296
5046.2500 16871.2500 21 5.9 1.665
24007.5000 16885.0000 21 5.0 2.460
21876.2500 17270.0000 21 8.5 6.010
6737.5000 17407.5000 21 6.5 2.131
6325.0000 17723.7500 21 7.9 3.451
6847.5000 18067.5000 21 6.4 2.858
23650.0000 18108.7500 21 3.4 -0.118
5362.5000 18576.2500 21 2.8 -2.877
8222.5000 18768.7500 21 1.6 1.735
4565.0000 18892.5000 21 6.2 3.114
7700.0000 22055.0000 21 3.7 2.036
20281.2500 22591.2500 21 25.0 1.204
4578.7500 24543.7500 21 2.2 3.943
22041.2500 28558.7500 21 23.2 1.085
14038.7500 29988.7500 21 4.0 2.410
8373.7500 30676.2500 21 7.2 1.259
10835.0000 34883.7500 21 8.3 1.765
30511.2500 39792.5000 21 12.2 1.625
17723.7500 2873.7500 22 5.0 1.798
4303.7500 7246.2500 22 3.1 2.026
10422.5000 9033.7500 22 4.3 -1.201
8717.5000 9350.0000 22 7.4 1.377
8428.7500 10202.5000 22 8.4 1.607
11371.2500 10890.0000 22 4.6 -0.235
7273.7500 11068.7500 22 2.5 -1.545
15303.7500 11343.7500 22 4.9 1.548
8538.7500 11385.0000 22 5.0 1.683
13172.5000 11673.7500 22 7.8 3.458
15840.0000 11756.2500 22 5.7 1.232
10532.5000 11797.5000 22 4.4 -4.193
16610.0000 11811.2500 22 4.0 -1.089
17600.0000 12705.0000 22 3.4 -0.859
9845.0000 12773.7500 22 19.1 1.610
16816.2500 13241.2500 22 9.7 1.673
4936.2500 13475.0000 22 4.8 4.149
17930.0000 13626.2500 22 2.8 1.105
16348.7500 13956.2500 22 11.3 12.201
21326.2500 14258.7500 22 8.5 1.921
11962.5000 14423.7500 22 5.5 2.435
12842.5000 14423.7500 22 4.1 -3.152
18191.2500 14520.0000 22 4.0 -3.262
5101.2500 14547.5000 22 2.3 15.467
20735.0000 14836.2500 22 3.6 23.186
19250.0000 15180.0000 22 2.8 4.039
6833.7500 15276.2500 22 3.0 2.653
20171.2500 15922.5000 22 6.6 1.966
7108.7500 16266.2500 22 7.7 1.074
21408.7500 16472.5000 22 4.7 -16.134
20143.7500 16513.7500 22 10.4 2.186
22495.0000 17118.7500 22 5.0 -9.538
21807.5000 17283.7500 22 5.2 -0.242
6723.7500 17366.2500 22 6.4 3.699
11192.5000 17627.5000 22 7.7 1.199
6297.5000 17765.0000 22 8.4 2.544
25987.5000 17806.2500 22 6.1 7.049
13351.2500 18755.0000 22 2.3 -0.879
4551.2500 18878.7500 22 6.0 1.674
26716.2500 20748.7500 22 2.9 2.061
18150.0000 21298.7500 22 2.2 140.252
20281.2500 22591.2500 22 25.2 1.236
17751.2500 23347.5000 22 2.6 -3.412
4537.5000 24571.2500 22 2.8 -17.172
22041.2500 28558.7500 22 22.8 1.261
14011.2500 29988.7500 22 4.4 1.286
8360.0000 30676.2500 22 7.2 1.243
9968.7500 33893.7500 22 3.3 4.918
10835.0000 34897.5000 22 8.9 1.074
15441.2500 35640.0000 22 5.0 2.743
30511.2500 39792.5000 22 12.2 1.113
508.7500 39998.7500 22 3.6 3.795
17737.5000 2873.7500 23 5.6 2.657
10422.5000 9020.0000 23 8.6 1.856
8662.5000 9240.0000 23 5.9 -30.737
11426.2500 9693.7500 23 3.7 1.607
8470.0000 10202.5000 23 4.9 1.392
11302.5000 10986.2500 23 11.5 2.314
8250.0000 11082.5000 23 5.8 51.181
7260.0000 11110.0000 23 4.3 0.447
6751.2500 11660.0000 23 4.9 -2.811
16321.2500 11701.2500 23 4.7 -1.445
10573.7500 11770.0000 23 5.7 2.277
8772.5000 12127.5000 23 24.1 1.237
13543.7500 12388.7500 23 15.4 1.021
10312.5000 12870.0000 23 5.8 2.972
17256.2500 12993.7500 23 8.3 4.261
18081.2500 13337.5000 23 2.9 1.148
16788.7500 13351.2500 23 13.3 2.126
5115.0000 13378.7500 23 9.0 3.303
16032.5000 13901.2500 23 16.1 2.605
13433.7500 14093.7500 23 4.0 1.633
21340.0000 14245.0000 23 9.9 1.205
12897.5000 14382.5000 23 5.8 1.686
12113.7500 14396.2500 23 6.1 2.810
18796.2500 14795.0000 23 2.6 0.026
21436.2500 14946.2500 23 5.5 25.740
20171.2500 15743.7500 23 4.0 3.239
6737.5000 16073.7500 23 6.4 3.153
21353.7500 16458.7500 23 3.1 0.515
6751.2500 17380.0000 23 5.9 2.238
11178.7500 17627.5000 23 2.8 2.289
25973.7500 17806.2500 23 6.6 2.254
6187.5000 17847.5000 23 7.2 1.611
4606.2500 18906.2500 23 3.9 3.303
5788.7500 19016.2500 23 2.8 -8.808
20267.5000 22591.2500 23 24.9 1.342
4510.0000 24585.0000 23 2.7 6.094
22041.2500 28558.7500 23 23.1 1.190
14038.7500 29975.0000 23 4.4 1.196
8360.0000 30676.2500 23 7.6 1.666
9968.7500 33893.7500 23 3.7 1.384
10835.0000 34897.5000 23 4.2 1.209
30511.2500 39778.7500 23 12.1 1.240
8662.5000 9267.5000 24 3.4 18.857
12155.0000 10175.0000 24 2.6 6.338
8195.0000 10326.2500 24 6.9 1.536
11481.2500 10656.2500 24 10.8 2.391
15221.2500 11288.7500 24 4.0 1.782
6737.5000 11728.7500 24 3.3 25.574
11110.0000 11728.7500 24 7.2 1.298
16706.2500 11783.7500 24 6.1 4.891
8731.2500 12127.5000 24 11.5 2.780
7370.0000 12141.2500 24 4.0 9.321
13420.0000 12333.7500 24 2.2 -5.793
9652.5000 12471.2500 24 9.9 1.318
10285.0000 12842.5000 24 4.5 7.870
17325.0000 12952.5000 24 6.4 1.811
5115.0000 13365.0000 24 9.7 1.106
21092.5000 13571.2500 24 3.7 1.820
16183.7500 13860.0000 24 6.6 1.343
19236.2500 13942.5000 24 4.2 -2.590
13461.2500 14093.7500 24 13.1 1.435
6228.7500 14162.5000 24 3.4 1.316
21340.0000 14245.0000 24 8.2 2.239
12443.7500 14423.7500 24 8.3 4.906
20185.0000 15812.5000 24 2.5 35.491
6723.7500 16032.5000 24 9.0 1.083
21367.5000 16417.5000 24 3.6 -1.980
5761.2500 16953.7500 24 5.2 1.063
22041.2500 17256.2500 24 2.7 1.441
24007.5000 17325.0000 24 3.4 8.114
6668.7500 17490.0000 24 8.8 1.806
6201.2500 17861.2500 24 7.6 4.110
5458.7500 18521.2500 24 2.9 -1.906
13337.5000 18768.7500 24 2.8 -1.098
4606.2500 18906.2500 24 4.3 -18.012
20267.5000 22591.2500 24 24.1 1.133
4482.5000 24571.2500 24 2.4 16.754
7425.0000 25753.7500 24 2.5 3.868
22041.2500 28545.0000 24 23.2 1.124
8360.0000 30676.2500 24 7.6 1.540
10821.2500 34897.5000 24 4.4 2.334
24186.2500 38513.7500 24 1.8 1.680
30511.2500 39778.7500 24 12.4 1.285
8703.7500 9240.0000 25 4.0 1.733
8387.5000 9817.5000 25 2.8 1.292
11495.0000 10615.0000 25 7.6 1.564
12952.5000 11398.7500 25 7.5 1.363
8580.0000 11536.2500 25 7.3 3.707
11096.2500 11742.5000 25 6.3 20.998
16692.5000 11811.2500 25 14.1 1.391
10587.5000 11852.5000 25 6.6 -33.325
19593.7500 11893.7500 25 9.6 1.280
7576.2500 12347.5000 25 4.3 1.611
13351.2500 12361.2500 25 4.7 3.718
9680.0000 12402.5000 25 17.6 1.499
17311.2500 12925.0000 25 6.0 4.116
16321.2500 13241.2500 25 8.9 1.282
5142.5000 13337.5000 25 6.5 1.548
21092.5000 13557.5000 25 4.1 3.393
16156.2500 13846.2500 25 8.9 1.209
19030.0000 14066.2500 25 5.1 -2.792
12058.7500 14080.0000 25 8.2 14.412
13447.5000 14093.7500 25 7.4 1.535
21353.7500 14245.0000 25 9.6 1.820
10078.7500 14726.2500 25 5.5 4.003
6737.5000 15826.2500 25 10.3 1.534
20707.5000 16183.7500 25 7.0 1.785
21298.7500 16458.7500 25 4.7 1.637
5720.0000 16967.5000 25 8.0 12.281
22027.5000 17242.5000 25 4.5 1.895
6682.5000 17462.5000 25 7.9 1.164
4592.5000 18865.0000 25 6.6 1.924
4950.0000 21972.5000 25 3.0 -0.364
20281.2500 22577.5000 25 25.0 1.193
4661.2500 23031.2500 25 3.7 1.728
7466.2500 25918.7500 25 7.2 168.739
22041.2500 28545.0000 25 23.9 1.131
8360.0000 30662.5000 25 6.0 1.567
10807.5000 34883.7500 25 4.7 1.817
25217.5000 36616.2500 25 2.9 -7.790
24145.0000 38486.2500 25 7.2 -3.595
30497.5000 39765.0000 25 12.2 1.869
8236.2500 10133.7500 26 14.9 1.181
7177.5000 10752.5000 26 7.0 -12.436
8401.2500 11220.0000 26 3.6 2.477
12952.5000 11398.7500 26 10.0 2.413
10601.2500 11770.0000 26 4.5 2.639
9625.0000 12443.7500 26 4.6 1.912
8043.7500 12718.7500 26 13.0 1.520
10326.2500 12842.5000 26 4.8 3.509
17297.5000 12883.7500 26 3.4 5.129
5128.7500 13323.7500 26 6.0 1.485
18260.0000 13365.0000 26 5.3 1.408
11343.7500 13818.7500 26 4.3 1.499
16142.5000 13860.0000 26 6.4 4.723
22563.7500 13997.5000 26 8.2 1.872
13612.5000 14038.7500 26 4.9 -50.315
18851.2500 14066.2500 26 3.6 -0.604
12045.0000 14107.5000 26 8.7 1.683
12870.0000 14382.5000 26 4.1 3.641
10092.5000 14726.2500 26 4.1 -21.409
7328.7500 15688.7500 26 6.0 1.615
20707.5000 16252.5000 26 9.0 2.543
6022.5000 16417.5000 26 7.8 1.703
5747.5000 16898.7500 26 8.2 1.882
6765.0000 17228.7500 26 2.4 6.432
4606.2500 18865.0000 26 6.4 6.187
20281.2500 22577.5000 26 25.3 1.669
4675.0000 23045.0000 26 4.3 1.555
7425.0000 25726.2500 26 5.3 1.034
18026.2500 26702.5000 26 2.0 1.341
22041.2500 28545.0000 26 23.4 1.110
8373.7500 30648.7500 26 6.9 1.196
32230.0000 33962.5000 26 5.5 1.819
10848.7500 34883.7500 26 8.2 1.775
19250.0000 36135.0000 26 3.6 28.075
24145.0000 38486.2500 26 10.3 2.360
30525.0000 39778.7500 26 11.7 1.085
8745.0000 9267.5000 27 4.1 2.266
8305.0000 10147.5000 27 17.9 1.403
6847.5000 10862.5000 27 6.3 1.496
12952.5000 11398.7500 27 6.4 1.129
10697.5000 11811.2500 27 5.0 1.671
16678.7500 11852.5000 27 1.9 2.311
9666.2500 12347.5000 27 5.7 5.229
8057.5000 12718.7500 27 10.7 1.435
10340.0000 12856.2500 27 5.3 -3.140
5142.5000 13323.7500 27 6.2 3.535
16940.0000 13323.7500 27 2.8 -4.867
16156.2500 13860.0000 27 5.6 1.417
18892.5000 14066.2500 27 3.0 2.864
12045.0000 14121.2500 27 8.9 1.979
22275.0000 14203.7500 27 7.9 1.228
12883.7500 14368.7500 27 3.6 1.600
21436.2500 15331.2500 27 3.7 -6.118
20171.2500 15798.7500 27 4.5 1.896
6022.5000 16403.7500 27 7.9 2.047
23333.7500 16486.2500 27 2.3 -1.588
5747.5000 16912.5000 27 7.5 1.253
7095.0000 17215.0000 27 11.9 1.038
22948.7500 17366.2500 27 5.4 3.911
23100.0000 18562.5000 27 5.3 1.494
4565.0000 18878.7500 27 6.0 2.921
4468.7500 21037.5000 27 1.9 4.369
20267.5000 22577.5000 27 25.0 1.496
4661.2500 23045.0000 27 4.6 1.807
17998.7500 26743.7500 27 3.1 3.503
22041.2500 28545.0000 27 22.5 1.203
24186.2500 30250.0000 27 2.7 3.460
8360.0000 30662.5000 27 6.6 1.158
8071.2500 33481.2500 27 3.3 2.473
10835.0000 34883.7500 27 9.0 1.269
19222.5000 36121.2500 27 6.9 2.006
24131.2500 38486.2500 27 7.3 6.301
30511.2500 39778.7500 27 11.6 1.557
8786.2500 9226.2500 28 5.0 2.867
8415.0000 9941.2500 28 8.7 1.478
6806.2500 10890.0000 28 4.4 -3.276
8937.5000 11508.7500 28 11.7 1.788
15716.2500 11687.5000 28 6.4 1.881
8030.0000 12718.7500 28 12.7 1.793
9982.5000 12746.2500 28 4.3 0.023
10010.0000 12760.0000 28 4.3 0.051
17407.5000 12760.0000 28 3.5 -0.448
17091.2500 12801.2500 28 3.5 -1.480
10312.5000 12870.0000 28 4.6 2.831
16252.5000 13172.5000 28 13.4 1.120
5128.7500 13337.5000 28 6.9 2.540
11398.7500 13777.5000 28 2.6 -0.600
16170.0000 13846.2500 28 7.7 4.750
19401.2500 13860.0000 28 3.3 -2.065
12141.2500 14038.7500 28 5.8 1.763
13241.2500 14272.5000 28 20.9 1.174
20185.0000 15757.5000 28 3.2 2.857
6022.5000 16403.7500 28 7.7 2.241
5720.0000 16912.5000 28 4.8 5.534
5211.2500 17201.2500 28 5.9 1.644
7095.0000 17215.0000 28 12.8 1.470
23100.0000 18562.5000 28 9.2 1.312
7755.0000 18603.7500 28 9.5 1.303
5857.5000 18906.2500 28 1.7 6.221
20267.5000 22591.2500 28 24.9 1.558
4702.5000 23113.7500 28 6.1 2.905
5032.5000 24873.7500 28 4.1 2.927
7425.0000 25891.2500 28 11.0 5.329
22041.2500 28545.0000 28 22.2 1.153
24186.2500 30277.5000 28 2.9 2.478
8373.7500 30676.2500 28 7.5 1.484
8085.0000 33467.5000 28 5.8 2.640
10835.0000 34897.5000 28 8.5 1.464
19208.7500 36121.2500 28 7.3 2.347
30511.2500 39765.0000 28 11.8 1.631
8772.5000 9226.2500 29 3.7 1.510
8195.0000 10298.7500 29 8.6 3.815
6943.7500 10848.7500 29 3.9 -0.841
7108.7500 11082.5000 29 3.8 -1.931
12485.0000 11398.7500 29 1.9 2.329
8607.5000 11412.5000 29 19.8 1.172
16060.0000 11495.0000 29 9.4 1.272
10711.2500 11797.5000 29 5.6 2.262
6778.7500 12086.2500 29 2.7 1.590
8043.7500 12718.7500 29 7.9 2.269
17036.2500 12760.0000 29 6.8 -15.216
10312.5000 12856.2500 29 4.7 2.276
16266.2500 13172.5000 29 22.0 1.224
11398.7500 13750.0000 29 2.6 2.824
19387.5000 13873.7500 29 3.6 0.036
12141.2500 14011.2500 29 5.4 2.433
13227.5000 14231.2500 29 14.2 1.272
21243.7500 15455.0000 29 4.5 9.538
6036.2500 16390.0000 29 6.8 -9.397
5211.2500 17201.2500 29 5.4 4.131
7095.0000 17201.2500 29 5.4 2.753
21670.0000 17270.0000 29 3.6 16.077
22852.5000 17366.2500 29 8.1 2.294
6833.7500 17888.7500 29 2.0 1.854
23512.5000 18081.2500 29 15.5 1.750
23155.0000 18507.5000 29 10.3 1.462
20267.5000 22591.2500 29 25.6 1.875
4730.0000 23113.7500 29 6.2 2.277
5046.2500 24860.0000 29 3.8 3.019
22041.2500 28545.0000 29 22.5 1.173
8373.7500 30676.2500 29 6.9 1.363
8098.7500 33467.5000 29 5.3 4.476
10835.0000 34883.7500 29 8.9 1.241
30511.2500 39765.0000 29 12.2 1.243
14231.2500 302.5000 30 5.6 1.102
8607.5000 5225.0000 30 5.3 1.027
8786.2500 9240.0000 30 4.4 3.195
8153.7500 10285.0000 30 22.3 1.102
11481.2500 10642.5000 30 9.5 1.117
15166.2500 11233.7500 30 6.7 1.903
8593.7500 11398.7500 30 9.5 1.706
7246.2500 11508.7500 30 3.6 2.382
11000.0000 11632.5000 30 7.5 2.178
9528.7500 12402.5000 30 7.4 1.449
8057.5000 12691.2500 30 3.3 -2.451
17297.5000 12870.0000 30 19.7 1.258
10326.2500 12883.7500 30 5.3 3.639
16513.7500 13076.2500 30 16.2 1.841
16362.5000 13750.0000 30 10.6 -1.778
19346.2500 13887.5000 30 3.9 1.979
12072.5000 14052.5000 30 5.9 2.234
14602.5000 14148.7500 30 7.7 1.479
21230.0000 14162.5000 30 14.2 1.284
13282.5000 14217.5000 30 11.6 1.147
13860.0000 14258.7500 30 8.9 46.015
11453.7500 14272.5000 30 5.6 -0.279
18851.2500 14588.7500 30 4.1 -0.750
21092.5000 16513.7500 30 4.9 2.171
5183.7500 17201.2500 30 5.4 1.776
21738.7500 17311.2500 30 3.3 6.318
22866.2500 17352.5000 30 4.4 -4.045
6765.0000 17655.0000 30 3.5 4.901
6435.0000 17957.5000 30 3.4 2.627
23512.5000 18067.5000 30 13.7 1.685
4771.2500 18218.7500 30 3.0 3.479
7260.0000 19483.7500 30 4.4 2.396
8277.5000 20556.2500 30 2.6 -4.302
14630.0000 21573.7500 30 7.1 0.694
20281.2500 22577.5000 30 24.9 1.179
17682.5000 23223.7500 30 2.5 4.021
5046.2500 24873.7500 30 3.7 1.293
22041.2500 28545.0000 30 21.9 1.053
8373.7500 30662.5000 30 7.0 1.561
10835.0000 34883.7500 30 4.9 1.189
10491.2500 37056.2500 30 3.6 -3.183
30511.2500 39778.7500 30 12.0 1.551
14231.2500 330.0000 31 8.2 1.488
8758.7500 9226.2500 31 6.3 1.095
8153.7500 10298.7500 31 21.4 1.224
15138.7500 11233.7500 31 6.6 25.987
7260.0000 11330.0000 31 3.7 -1.330
13076.2500 11440.0000 31 9.5 2.795
11247.5000 11701.2500 31 3.2 4.958
10683.7500 11893.7500 31 2.8 -4.342
9226.2500 12265.0000 31 12.3 1.282
9776.2500 12705.0000 31 9.3 1.733
17270.0000 12842.5000 31 10.3 1.503
15785.0000 13571.2500 31 18.5 1.910
20858.7500 13695.0000 31 11.2 3.238
19483.7500 13887.5000 31 4.1 5.539
13241.2500 14231.2500 31 14.9 1.372
12072.5000 14272.5000 31 8.0 -0.513
20872.5000 14520.0000 31 12.9 1.992
18837.5000 14643.7500 31 4.6 2.301
23608.7500 16623.7500 31 4.6 7.385
5211.2500 17215.0000 31 5.3 2.997
6008.7500 17558.7500 31 4.3 3.000
12196.2500 17916.2500 31 2.3 3.502
23251.2500 17985.0000 31 7.6 -3.187
4798.7500 18191.2500 31 5.1 2.036
13722.5000 18823.7500 31 4.3 1.739
7232.5000 19470.0000 31 3.5 6.619
20267.5000 22591.2500 31 25.8 1.493
17655.0000 23196.2500 31 2.1 1.515
5046.2500 24832.5000 31 3.7 -0.253
7480.0000 25767.5000 31 8.2 1.233
22041.2500 28545.0000 31 21.8 1.145
8360.0000 30662.5000 31 7.7 1.134
14795.0000 31927.5000 31 2.5 14.836
30511.2500 39778.7500 31 12.9 1.206
14231.2500 316.2500 32 9.1 1.101
8772.5000 9240.0000 32 4.5 1.452
8236.2500 10271.2500 32 12.8 1.483
7466.2500 11137.5000 32 5.1 4.322
15166.2500 11233.7500 32 7.5 3.132
13090.0000 11426.2500 32 8.1 1.469
11343.7500 11797.5000 32 3.1 -2.796
10628.7500 11907.5000 32 3.0 -1.084
8827.5000 12196.2500 32 6.2 1.770
12993.7500 12196.2500 32 4.1 1.536
9996.2500 12237.5000 32 4.1 -1.714
10285.0000 12856.2500 32 5.5 -1.510
16885.0000 13158.7500 32 4.6 2.608
15716.2500 13598.7500 32 11.2 1.299
11398.7500 13750.0000 32 2.7 -2.953
16211.2500 13983.7500 32 11.0 1.729
12017.5000 14135.0000 32 6.1 3.841
13227.5000 14231.2500 32 12.4 1.332
10051.2500 14767.5000 32 4.8 -1.450
6792.5000 16403.7500 32 9.3 1.784
5775.0000 17008.7500 32 6.2 2.227
6118.7500 17490.0000 32 7.9 -4.182
31996.2500 17778.7500 32 3.0 2.267
4812.5000 18232.5000 32 4.9 10.947
5541.2500 18452.5000 32 3.4 5.011
4592.5000 18823.7500 32 3.8 -0.811
20267.5000 22591.2500 32 24.9 1.224
17435.0000 23223.7500 32 2.0 3.226
5032.5000 24873.7500 32 3.9 1.331
7466.2500 25836.2500 32 12.7 1.376
22041.2500 28558.7500 32 22.5 1.166
8373.7500 30662.5000 32 7.5 1.926
30511.2500 39778.7500 32 12.5 1.326
8786.2500 9226.2500 33 4.5 1.759
7507.5000 11123.7500 33 4.7 1.498
12388.7500 11123.7500 33 3.6 1.543
11233.7500 11550.0000 33 8.7 -35.538
9968.7500 12196.2500 33 6.5 4.876
17338.7500 12856.2500 33 10.8 1.947
10326.2500 12870.0000 33 4.9 4.053
21023.7500 13103.7500 33 6.5 1.343
19442.5000 13777.5000 33 4.3 4.311
11288.7500 13887.5000 33 12.4 1.541
16252.5000 14080.0000 33 8.2 2.809
12127.5000 14093.7500 33 6.1 1.750
13255.0000 14203.7500 33 13.1 1.515
19002.5000 14465.0000 33 2.6 193.971
18961.2500 14918.7500 33 2.6 -24.791
6806.2500 16376.2500 33 3.7 -7.456
6270.0000 18095.0000 33 3.7 7.451
4798.7500 18260.0000 33 4.4 2.448
4606.2500 18892.5000 33 3.9 3.102
5830.0000 21161.2500 33 3.7 -3.727
20281.2500 22577.5000 33 24.7 1.539
5032.5000 24873.7500 33 3.7 2.015
7452.5000 25863.7500 33 9.7 1.316
15070.0000 27142.5000 33 5.6 1.357
22041.2500 28545.0000 33 21.4 1.221
8373.7500 30676.2500 33 7.2 1.622
30511.2500 39765.0000 33 11.5 1.816
11041.2500 2172.5000 34 2.4 3.026
8813.7500 9102.5000 34 8.8 -70.140
14547.5000 11041.2500 34 3.7 3.634
7507.5000 11123.7500 34 4.7 1.590
11288.7500 11165.0000 34 7.4 -2.396
15730.0000 11330.0000 34 6.6 7.764
8167.5000 11618.7500 34 3.2 -3.805
13117.5000 11783.7500 34 4.7 -0.387
10752.5000 11921.2500 34 4.5 1.114
8676.2500 12526.2500 34 3.5 -0.094
9927.5000 12636.2500 34 13.0 1.256
17242.5000 12842.5000 34 16.1 1.498
11316.2500 13777.5000 34 3.6 8.295
19291.2500 13846.2500 34 4.9 -0.874
22453.7500 13928.7500 34 5.7 -3.890
13241.2500 14231.2500 34 10.0 1.591
5747.5000 16926.2500 34 5.2 -0.709
6820.0000 17586.2500 34 7.9 3.723
6077.5000 18053.7500 34 3.4 8.159
4798.7500 18218.7500 34 5.5 3.520
5857.5000 21326.2500 34 5.7 1.599
20267.5000 22577.5000 34 25.0 1.289
5018.7500 24873.7500 34 4.6 2.326
7452.5000 25877.5000 34 7.2 2.692
15056.2500 27156.2500 34 6.4 1.188
22041.2500 28545.0000 34 21.5 1.057
14038.7500 29988.7500 34 4.7 4.999
8360.0000 30662.5000 34 6.9 2.781
19470.0000 31638.7500 34 2.1 2.653
30497.5000 39765.0000 34 9.9 1.006
8786.2500 9226.2500 35 4.5 2.162
7122.5000 10367.5000 35 3.1 2.691
7837.5000 10463.7500 35 4.0 1.323
11481.2500 10945.0000 35 8.5 3.689
8676.2500 12553.7500 35 5.0 2.278
9886.2500 12691.2500 35 18.0 1.483
17242.5000 12870.0000 35 9.9 1.891
16458.7500 13090.0000 35 10.4 1.071
16046.2500 13695.0000 35 11.1 2.429
11316.2500 13750.0000 35 2.7 1.368
19236.2500 13777.5000 35 5.3 -3.100
17888.7500 13818.7500 35 6.8 1.829
13392.5000 14245.0000 35 15.6 3.445
11357.5000 14423.7500 35 8.1 1.676
5720.0000 16967.5000 35 2.5 2.503
23045.0000 17531.2500 35 5.8 2.271
6806.2500 17586.2500 35 7.5 2.868
4785.0000 18232.5000 35 4.9 1.941
5706.2500 18425.0000 35 4.2 1.770
4276.2500 21463.7500 35 2.5 -3.403
4798.7500 21766.2500 35 2.4 1.452
20267.5000 22591.2500 35 24.6 1.287
17723.7500 23237.5000 35 1.4 2.515
5060.0000 24873.7500 35 3.5 1.827
15070.0000 27156.2500 35 6.4 1.463
22041.2500 28545.0000 35 21.1 1.161
14066.2500 30002.5000 35 2.7 2.796
8360.0000 30662.5000 35 7.4 1.104
19497.5000 31597.5000 35 2.9 5.486
10683.7500 34636.2500 35 4.3 1.325
30497.5000 39778.7500 35 10.2 1.242
8772.5000 9253.7500 36 5.5 1.550
7823.7500 10491.2500 36 4.9 1.274
11536.2500 10917.5000 36 5.6 1.497
10642.5000 11852.5000 36 2.8 13.636
16678.7500 11880.0000 36 2.5 1.671
6806.2500 12058.7500 36 2.6 1.974
17338.7500 12485.0000 36 2.8 1.911
8731.2500 12636.2500 36 3.4 3.507
9913.7500 12705.0000 36 9.1 2.261
16458.7500 13323.7500 36 9.4 1.197
17160.0000 13543.7500 36 8.1 1.206
16142.5000 13832.5000 36 8.0 6.323
13241.2500 14245.0000 36 10.3 1.516
11440.0000 14437.5000 36 13.3 1.223
13447.5000 15056.2500 36 8.7 1.620
21353.7500 15125.0000 36 5.7 9.339
23883.7500 16692.5000 36 3.7 3.338
4812.5000 18218.7500 36 3.4 9.040
5720.0000 18452.5000 36 2.8 3.086
4620.0000 18823.7500 36 2.0 283.115
20267.5000 22591.2500 36 25.9 1.458
17641.2500 25712.5000 36 9.8 1.099
7521.2500 25808.7500 36 3.3 3.768
15070.0000 27142.5000 36 5.6 1.251
18658.7500 28077.5000 36 2.8 1.370
22041.2500 28545.0000 36 21.5 1.109
14025.0000 29961.2500 36 5.3 1.264
8360.0000 30662.5000 36 6.5 1.904
19483.7500 31611.2500 36 2.8 2.096
30483.7500 39765.0000 36 9.8 1.240
11055.0000 2158.7500 37 2.9 1.729
14052.5000 8978.7500 37 5.4 1.071
8786.2500 9212.5000 37 3.8 18.619
8497.5000 10395.0000 37 3.2 -3.104
11508.7500 10903.7500 37 5.9 1.148
7232.5000 11330.0000 37 2.9 -7.831
16321.2500 11605.0000 37 2.3 1.570
8827.5000 12292.5000 37 10.1 1.632
9900.0000 12361.2500 37 22.1 2.430
17338.7500 12457.5000 37 5.6 5.239
19428.7500 13873.7500 37 2.4 -1.874
16156.2500 13887.5000 37 7.2 -25.104
13241.2500 14231.2500 37 12.1 1.270
21752.5000 14313.7500 37 2.8 4.015
11783.7500 14368.7500 37 5.7 66.956
18961.2500 14946.2500 37 3.1 2.333
21477.5000 15317.5000 37 8.2 1.071
23870.0000 16706.2500 37 6.3 1.830
21890.0000 16912.5000 37 3.5 -24.504
5843.7500 20116.2500 37 4.8 2.025
20267.5000 22591.2500 37 26.1 1.314
17655.0000 25726.2500 37 2.5 2.575
7507.5000 25850.0000 37 7.5 2.297
22041.2500 28545.0000 37 22.0 1.321
14025.0000 29988.7500 37 7.4 1.083
8346.2500 30676.2500 37 5.5 1.549
19470.0000 31625.0000 37 2.6 1.377
30497.5000 39765.0000 37 10.4 1.398
13131.2500 5252.5000 38 3.6 2.749
16761.2500 8085.0000 38 2.6 1.139
8772.5000 9226.2500 38 5.5 1.449
11742.5000 9253.7500 38 4.4 1.530
8538.7500 10408.7500 38 6.1 1.864
12416.2500 10463.7500 38 2.7 -1.046
7342.5000 10931.2500 38 5.9 7.580
14588.7500 10972.5000 38 3.7 -5.524
8703.7500 11178.7500 38 7.4 1.236
10656.2500 11907.5000 38 3.5 0.283
8786.2500 12320.0000 38 9.2 6.034
8030.0000 12608.7500 38 8.6 1.787
9913.7500 12691.2500 38 14.3 1.243
17228.7500 12718.7500 38 13.3 2.556
16321.2500 13268.7500 38 12.0 2.723
21230.0000 13598.7500 38 4.9 2.661
19415.0000 13901.2500 38 3.7 22.470
16128.7500 14038.7500 38 17.3 1.382
12320.0000 14080.0000 38 5.3 2.958
6270.0000 14203.7500 38 2.6 1.492
13255.0000 14245.0000 38 10.4 1.294
21711.2500 14327.5000 38 9.7 1.326
13777.5000 14382.5000 38 10.1 1.246
11536.2500 14396.2500 38 6.7 3.758
20281.2500 15991.2500 38 4.7 1.449
23883.7500 16692.5000 38 5.0 4.473
7012.5000 17187.5000 38 4.7 1.193
22013.7500 17187.5000 38 7.8 -7.631
19346.2500 18246.2500 38 2.2 2.172
4675.0000 18810.0000 38 4.2 2.228
23388.7500 19085.0000 38 6.7 1.087
23512.5000 20611.2500 38 3.2 3.528
5830.0000 21161.2500 38 6.3 1.488
20281.2500 22591.2500 38 26.8 1.580
7383.7500 25602.5000 38 6.7 1.103
7521.2500 27445.0000 38 5.0 3.047
22041.2500 28558.7500 38 22.0 1.029
8360.0000 30635.0000 38 3.2 -2.323
9927.5000 33893.7500 38 3.3 -0.182
30497.5000 39765.0000 38 10.2 1.568
11068.7500 2172.5000 39 2.9 7.044
11426.2500 3547.5000 39 2.0 4.678
8758.7500 9226.2500 39 4.7 4.602
11783.7500 9240.0000 39 5.2 1.110
11426.2500 9707.5000 39 4.5 1.741
12388.7500 10408.7500 39 2.5 9.260
7356.2500 10903.7500 39 4.7 1.451
11013.7500 11041.2500 39 2.9 2.156
14657.5000 11041.2500 39 3.4 -13.494
10683.7500 11880.0000 39 3.5 5.449
19538.7500 11962.5000 39 2.6 1.269
8016.2500 12608.7500 39 8.6 1.332
9872.5000 12691.2500 39 3.0 1.363
17228.7500 12705.0000 39 17.0 4.339
16348.7500 13241.2500 39 14.5 1.762
18040.0000 13365.0000 39 15.5 1.212
16073.7500 13915.0000 39 9.3 6.357
19291.2500 14025.0000 39 6.0 -0.976
6228.7500 14190.0000 39 2.4 -4.627
20927.5000 14203.7500 39 11.4 1.313
13200.0000 14258.7500 39 6.2 1.533
11880.0000 14368.7500 39 5.5 2.033
16610.0000 14616.2500 39 5.6 1.674
20226.2500 15977.5000 39 3.3 7.319
21078.7500 16513.7500 39 5.4 3.184
5788.7500 16898.7500 39 5.7 7.688
6971.2500 17077.5000 39 17.9 1.205
22013.7500 17228.7500 39 6.9 3.499
23540.0000 20583.7500 39 2.7 2.132
5830.0000 21175.0000 39 5.6 3.749
20267.5000 22591.2500 39 26.2 1.776
16802.5000 23251.2500 39 3.4 3.591
7397.5000 25588.7500 39 10.5 1.112
22041.2500 28558.7500 39 22.0 1.051
8346.2500 30648.7500 39 3.8 1.379
9955.0000 33880.0000 39 4.1 2.211
30497.5000 39765.0000 39 10.8 1.080
11096.2500 2172.5000 40 3.5 2.265
11426.2500 3533.7500 40 2.0 1.842
8786.2500 9226.2500 40 6.3 1.948
11770.0000 9240.0000 40 7.4 3.603
8415.0000 9968.7500 40 2.9 20.802
12320.0000 10491.2500 40 2.4 1.313
11495.0000 11000.0000 40 8.7 1.829
14891.2500 11288.7500 40 3.7 3.147
12485.0000 11536.2500 40 3.6 2.866
10408.7500 12168.7500 40 15.9 1.298
17380.0000 12498.7500 40 8.6 4.258
8057.5000 12636.2500 40 8.4 -2.944
22192.5000 13818.7500 40 3.7 1.971
16170.0000 13901.2500 40 4.6 1.580
19085.0000 14080.0000 40 2.5 1.236
14946.2500 14190.0000 40 5.4 1.190
11825.0000 14368.7500 40 3.9 -3.658
12870.0000 14410.0000 40 6.7 1.896
16582.5000 14561.2500 40 2.7 -2.973
21312.5000 15606.2500 40 1.8 2.923
12045.0000 15785.0000 40 5.1 -3.916
5775.0000 16912.5000 40 8.9 1.672
22027.5000 17132.5000 40 4.5 2.055
6998.7500 17311.2500 40 14.6 7.141
6077.5000 19043.7500 40 2.5 -0.959
5857.5000 21188.7500 40 2.6 3.968
4922.5000 21766.2500 40 5.5 2.939
20267.5000 22591.2500 40 26.5 1.816
7411.2500 25602.5000 40 2.3 1.650
29562.5000 27843.7500 40 6.5 -4.535
22041.2500 28558.7500 40 22.4 1.163
30483.7500 39778.7500 40 10.4 1.048
11096.2500 2172.5000 41 3.0 -199.834
8786.2500 9226.2500 41 4.6 1.243
11770.0000 9240.0000 41 6.6 5.652
11371.2500 11123.7500 41 13.3 -7.238
15152.5000 11247.5000 41 7.9 2.484
12540.0000 11563.7500 41 11.3 1.669
7108.7500 11632.5000 41 11.1 5.313
10725.0000 11825.0000 41 3.3 -6.561
17380.0000 12526.2500 41 8.1 1.110
8497.5000 12595.0000 41 5.6 -4.939
9693.7500 12773.7500 41 3.4 -11.815
16142.5000 13818.7500 41 9.7 1.653
22275.0000 13915.0000 41 5.7 -5.309
21917.5000 14217.5000 41 5.5 6.156
12773.7500 14272.5000 41 4.8 -0.194
16596.2500 14575.0000 41 3.1 -1.062
21298.7500 15578.7500 41 10.4 1.362
7356.2500 16527.5000 41 2.6 4.535
23361.2500 16568.7500 41 3.4 -3.815
5775.0000 16898.7500 41 8.4 1.654
22041.2500 17201.2500 41 4.4 -1.366
6710.0000 17545.0000 41 3.7 -8.835
22893.7500 17572.5000 41 8.3 2.464
5912.5000 21120.0000 41 4.9 1.593
14616.2500 21945.0000 41 6.9 61.616
20281.2500 22591.2500 41 27.1 1.591
7370.0000 25657.5000 41 7.0 -93.892
22041.2500 28558.7500 41 22.0 1.150
10051.2500 30662.5000 41 2.2 1.901
30483.7500 39778.7500 41 10.6 2.124
11110.0000 2186.2500 42 2.0 -2.692
8786.2500 9226.2500 42 4.8 1.500
11783.7500 9240.0000 42 5.9 -10.351
11330.0000 11123.7500 42 8.7 22.058
12540.0000 11577.5000 42 8.1 1.611
7122.5000 11715.0000 42 5.0 1.254
15853.7500 11756.2500 42 6.8 1.433
10175.0000 12320.0000 42 11.4 2.459
17380.0000 12567.5000 42 6.7 1.728
8346.2500 12608.7500 42 5.4 -11.324
5156.2500 13351.2500 42 4.7 -2.925
20790.0000 13750.0000 42 8.2 1.391
22522.5000 13928.7500 42 7.7 3.299
16115.0000 14052.5000 42 8.6 3.395
15317.5000 14107.5000 42 9.2 2.153
12760.0000 14176.2500 42 5.0 -0.453
6256.2500 14203.7500 42 3.0 0.160
7315.0000 16513.7500 42 13.9 1.176
5761.2500 16898.7500 42 9.2 1.507
21958.7500 17393.7500 42 2.4 47.903
6710.0000 17503.7500 42 11.2 1.188
23072.5000 17723.7500 42 4.1 -5.214
5926.2500 21078.7500 42 7.8 1.104
5101.2500 21931.2500 42 3.8 1.305
20281.2500 22591.2500 42 27.3 1.191
17696.2500 23223.7500 42 1.6 2.488
7521.2500 25905.0000 42 10.8 -5.828
22041.2500 28558.7500 42 22.0 1.173
30497.5000 39778.7500 42 10.6 1.676
26798.7500 41098.7500 42 7.1 1.556
8786.2500 9240.0000 43 5.3 1.440
11742.5000 9240.0000 43 5.8 2.620
16266.2500 9955.0000 43 2.1 2.536
8580.0000 9996.2500 43 6.2 1.352
11440.0000 11027.5000 43 6.5 1.278
7218.7500 11247.5000 43 2.1 2.490
8442.5000 11398.7500 43 10.9 1.335
10752.5000 11728.7500 43 7.3 4.834
15840.0000 11756.2500 43 4.1 1.642
19470.0000 12031.2500 43 5.9 2.588
13365.0000 12320.0000 43 3.2 2.860
8676.2500 12595.0000 43 6.2 -13.963
9707.5000 12636.2500 43 7.8 2.758
17187.5000 12650.0000 43 3.6 -4.983
5142.5000 13351.2500 43 3.3 7.147
16142.5000 13901.2500 43 7.6 2.913
22522.5000 13928.7500 43 7.7 1.990
12650.0000 14080.0000 43 6.9 1.409
20968.7500 14080.0000 43 8.8 1.581
6242.5000 14190.0000 43 2.6 2.307
12017.5000 14245.0000 43 4.5 9.468
6943.7500 15675.0000 43 5.7 -4.433
7067.5000 16472.5000 43 6.3 1.321
5747.5000 16898.7500 43 9.5 1.293
11247.5000 17655.0000 43 1.7 2.243
5912.5000 21078.7500 43 6.1 10.820
5142.5000 21931.2500 43 2.3 1.879
20281.2500 22605.0000 43 26.9 1.286
27087.5000 24901.2500 43 3.2 3.468
7672.5000 25960.0000 43 5.0 1.653
22041.2500 28558.7500 43 21.8 1.091
27321.2500 38610.0000 43 3.7 1.884
30497.5000 39778.7500 43 11.1 1.082
26785.0000 41085.0000 43 5.4 1.489
8772.5000 9240.0000 44 4.0 2.314
11770.0000 9240.0000 44 5.6 2.363
8442.5000 10395.0000 44 3.6 2.542
11385.0000 11027.5000 44 7.7 1.486
8428.7500 11398.7500 44 12.3 1.242
16665.0000 11852.5000 44 1.8 3.163
7328.7500 11893.7500 44 6.8 1.477
6833.7500 12003.7500 44 7.7 4.651
19470.0000 12031.2500 44 3.5 1.561
8731.2500 12512.5000 44 2.8 -18.669
9955.0000 12636.2500 44 8.2 1.538
17352.5000 12980.0000 44 5.0 2.636
16926.2500 13530.0000 44 6.1 1.747
16128.7500 13915.0000 44 5.5 2.638
21532.5000 13928.7500 44 3.4 -6.193
22536.2500 13928.7500 44 9.7 1.632
15565.0000 14066.2500 44 5.6 2.038
12870.0000 14300.0000 44 16.6 1.368
10023.7500 14740.0000 44 6.6 0.120
6943.7500 16183.7500 44 4.3 1.847
16197.5000 16266.2500 44 13.4 7.018
24186.2500 16885.0000 44 3.8 -0.389
5775.0000 16898.7500 44 8.6 1.468
17380.0000 17228.7500 44 2.4 -12.655
11220.0000 17641.2500 44 2.7 4.594
23636.2500 18576.2500 44 2.3 2.624
15028.7500 19800.0000 44 7.2 1.850
20281.2500 22605.0000 44 27.1 1.213
21147.5000 24131.2500 44 2.1 -4.638
27128.7500 24915.0000 44 4.9 4.125
22041.2500 28558.7500 44 21.9 1.028
27252.5000 38637.5000 44 2.1 -40.163
30497.5000 39765.0000 44 10.8 1.224
4688.7500 2213.7500 45 2.3 6.786
11770.0000 9240.0000 45 5.4 4.079
8525.0000 9790.0000 45 13.4 1.401
11123.7500 11220.0000 45 5.1 -2.183
7315.0000 11302.5000 45 9.8 1.729
8442.5000 11398.7500 45 12.6 1.225
10628.7500 11852.5000 45 2.8 -2.678
19470.0000 12017.5000 45 8.4 4.897
9721.2500 12526.2500 45 17.4 1.430
20955.0000 13131.2500 45 3.0 -1.175
18232.5000 13475.0000 45 3.9 2.477
16142.5000 13928.7500 45 8.6 1.484
15427.5000 13997.5000 45 6.5 1.128
12003.7500 14038.7500 45 8.3 -3.162
22247.5000 14066.2500 45 8.4 1.961
12691.2500 14135.0000 45 6.8 2.446
13791.2500 14176.2500 45 10.5 92.931
6270.0000 14217.5000 45 2.3 -35.785
11330.0000 14410.0000 45 9.6 1.508
7562.5000 14602.5000 45 2.7 1.934
10023.7500 14740.0000 45 7.0 -0.285
21395.0000 15221.2500 45 9.6 2.979
5761.2500 16912.5000 45 8.0 1.556
24186.2500 16912.5000 45 9.9 2.489
15028.7500 19800.0000 45 14.2 1.372
23457.5000 20845.0000 45 3.8 1.739
20281.2500 22605.0000 45 26.9 1.980
22041.2500 28558.7500 45 22.0 1.102
14011.2500 29988.7500 45 9.3 1.302
32285.0000 36451.2500 45 2.7 1.804
30497.5000 39778.7500 45 11.0 1.939
11055.0000 2145.0000 46 2.8 -3.522
4730.0000 2186.2500 46 2.9 1.899
11426.2500 3547.5000 46 1.5 4.845
11797.5000 9253.7500 46 4.1 2.748
8525.0000 9790.0000 46 30.1 1.498
11165.0000 11316.2500 46 3.9 -2.588
8635.0000 11385.0000 46 16.6 1.845
7315.0000 11783.7500 46 7.9 -3.476
9638.7500 12553.7500 46 12.3 -24.766
16775.0000 12966.2500 46 5.9 2.515
17338.7500 13062.5000 46 4.6 3.620
18273.7500 13502.5000 46 3.3 1.059
16156.2500 13915.0000 46 6.6 1.160
12086.2500 13942.5000 46 5.2 2.060
15386.2500 14038.7500 46 6.1 3.419
22220.0000 14066.2500 46 7.1 1.835
6325.0000 14107.5000 46 3.2 6.665
12718.7500 14148.7500 46 4.8 -3.233
5280.0000 14368.7500 46 4.7 1.510
7548.7500 14575.0000 46 7.7 1.496
20308.7500 16046.2500 46 4.5 -2.875
22591.2500 16087.5000 46 3.5 -0.111
24200.0000 16898.7500 46 6.3 1.259
5761.2500 16926.2500 46 9.5 1.839
15028.7500 19827.5000 46 2.9 2.523
20281.2500 22605.0000 46 26.9 1.435
12402.5000 23361.2500 46 1.8 2.167
5720.0000 26620.0000 46 3.6 6.305
22041.2500 28558.7500 46 22.0 1.074
14038.7500 29988.7500 46 4.5 -2.571
10120.0000 30703.7500 46 3.4 3.263
9927.5000 33893.7500 46 3.8 2.412
13145.0000 35378.7500 46 4.0 88.887
30511.2500 39778.7500 46 10.5 1.139
4702.5000 2172.5000 47 1.9 6.129
12210.0000 9707.5000 47 3.2 39.381
8538.7500 9790.0000 47 28.3 1.388
12553.7500 11082.5000 47 17.5 1.138
11110.0000 11330.0000 47 3.5 3.228
11343.7500 11701.2500 47 3.4 2.504
10642.5000 11907.5000 47 5.1 1.071
9556.2500 12622.5000 47 13.1 -60.830
7425.0000 12691.2500 47 5.1 1.580
16775.0000 12966.2500 47 6.8 1.288
17311.2500 13048.7500 47 6.3 1.600
19456.2500 13571.2500 47 3.1 2.293
16060.0000 13736.2500 47 10.6 3.023
15413.7500 13983.7500 47 8.7 2.592
16733.7500 14121.2500 47 5.0 2.245
11921.2500 14300.0000 47 8.2 3.443
12815.0000 14382.5000 47 3.8 415.282
7837.5000 15056.2500 47 10.8 1.214
16321.2500 15578.7500 47 6.4 1.529
22247.5000 16816.2500 47 2.5 -639.445
24213.7500 16898.7500 47 3.1 6.182
5280.0000 17531.2500 47 4.3 -0.347
5445.0000 18493.7500 47 3.3 -1.556
5843.7500 21202.5000 47 3.4 -0.601
20281.2500 22591.2500 47 26.0 1.426
3863.7500 23526.2500 47 1.9 -5.205
5761.2500 26620.0000 47 4.9 1.732
5761.2500 27527.5000 47 2.6 2.040
20006.2500 28448.7500 47 2.5 -10.670
22055.0000 28558.7500 47 21.9 1.376
10106.2500 30703.7500 47 3.4 1.511
11893.7500 31363.7500 47 3.2 1.764
8085.0000 33467.5000 47 3.6 9.866
9941.2500 33893.7500 47 5.4 1.306
30511.2500 39778.7500 47 10.8 1.332
4716.2500 2145.0000 48 2.8 1.303
11096.2500 2145.0000 48 2.6 -2.134
7782.5000 2268.7500 48 8.2 1.911
8525.0000 9790.0000 48 21.0 1.215
11508.7500 10202.5000 48 4.9 2.365
7287.5000 10972.5000 48 6.6 320.266
11068.7500 11041.2500 48 4.9 5.359
15798.7500 11756.2500 48 2.3 1.983
10697.5000 11935.0000 48 4.5 1.344
13420.0000 12168.7500 48 15.8 1.251
9762.5000 12498.7500 48 8.9 3.707
11811.2500 12870.0000 48 7.2 -8.905
16060.0000 13763.7500 48 11.8 2.184
6352.5000 14190.0000 48 2.9 3.378
11948.7500 14327.5000 48 8.2 3.466
13461.2500 14368.7500 48 3.8 2.118
12842.5000 14382.5000 48 4.4 -32.184
7617.5000 14437.5000 48 6.0 1.708
7837.5000 15042.5000 48 8.1 2.222
7150.0000 15537.5000 48 6.6 1.050
16335.0000 15578.7500 48 11.5 1.347
22288.7500 16747.5000 48 4.4 4.607
24172.5000 16871.2500 48 2.5 -20.163
7081.2500 17256.2500 48 4.5 1.496
5280.0000 17490.0000 48 4.2 -0.908
15812.5000 19717.5000 48 5.2 7.355
20281.2500 22591.2500 48 25.4 1.119
7287.5000 25630.0000 48 3.4 1.575
5788.7500 27555.0000 48 6.4 1.453
20006.2500 28393.7500 48 3.2 2.502
22041.2500 28558.7500 48 22.3 1.248
11893.7500 31350.0000 48 5.6 3.075
9941.2500 33893.7500 48 5.6 24.704
30497.5000 39778.7500 48 10.8 1.831
4716.2500 2213.7500 49 2.4 1.973
8772.5000 9267.5000 49 6.2 1.236
8538.7500 10092.5000 49 14.4 1.589
12265.0000 10463.7500 49 3.3 3.452
8662.5000 10697.5000 49 11.8 1.380
11330.0000 10903.7500 49 6.8 1.898
7260.0000 11013.7500 49 9.0 2.897
15798.7500 11742.5000 49 9.9 1.241
7012.5000 11797.5000 49 7.8 4.224
10628.7500 11893.7500 49 3.8 2.591
13420.0000 12168.7500 49 13.0 1.365
9721.2500 12430.0000 49 12.2 1.779
16926.2500 12911.2500 49 4.7 4.567
16390.0000 13213.7500 49 8.5 1.138
16115.0000 13818.7500 49 12.0 2.223
21780.0000 14148.7500 49 8.4 2.705
6325.0000 14190.0000 49 2.3 2.155
11935.0000 14286.2500 49 5.3 1.452
13502.5000 14368.7500 49 4.2 1.443
12911.2500 14382.5000 49 3.8 -3.926
20102.5000 15757.5000 49 2.5 -2.168
20611.2500 16362.5000 49 2.3 1.532
22178.7500 16651.2500 49 2.6 1.657
24186.2500 16898.7500 49 2.9 -8.719
6875.0000 19470.0000 49 2.8 3.060
17641.2500 21615.0000 49 1.9 -1.743
20281.2500 22605.0000 49 24.6 1.465
7273.7500 25630.0000 49 9.5 1.810
22041.2500 28558.7500 49 22.6 1.089
11893.7500 31377.5000 49 5.0 -0.211
26523.7500 32023.7500 49 2.8 -0.660
9900.0000 33880.0000 49 5.0 9.796
30511.2500 39778.7500 49 11.0 1.169
4675.0000 2186.2500 50 2.7 2.465
11123.7500 2200.0000 50 1.9 2.697
14671.2500 2887.5000 50 2.9 18.168
8772.5000 9253.7500 50 6.0 1.630
8415.0000 10037.5000 50 5.6 1.384
8676.2500 10738.7500 50 20.0 1.250
11398.7500 10917.5000 50 6.8 2.146
7301.2500 10986.2500 50 7.5 1.555
15936.2500 11440.0000 50 11.0 1.393
10862.5000 11618.7500 50 7.2 2.020
13557.5000 12416.2500 50 2.1 2.039
8992.5000 12650.0000 50 4.3 -10.278
9955.0000 12732.5000 50 7.3 1.643
16018.7500 13901.2500 50 6.2 2.423
15716.2500 14025.0000 50 6.5 1.168
12526.2500 14135.0000 50 6.7 2.582
16967.5000 14135.0000 50 4.3 3.422
21793.7500 14135.0000 50 6.0 1.316
5032.5000 15015.0000 50 6.7 1.330
7342.5000 15578.7500 50 11.7 1.468
7177.5000 16555.0000 50 7.0 1.361
24186.2500 16912.5000 50 3.8 1.357
5073.7500 17242.5000 50 4.0 -1.500
22068.7500 17311.2500 50 2.6 8.809
5940.0000 17503.7500 50 3.0 2.863
6888.7500 19470.0000 50 5.1 1.293
20295.0000 22591.2500 50 25.8 1.614
10573.7500 24255.0000 50 3.6 1.538
7287.5000 25630.0000 50 4.2 2.337
22041.2500 28558.7500 50 22.5 1.056
12320.0000 30813.7500 50 5.9 1.399
11976.2500 31322.5000 50 4.0 1.654
11371.2500 34196.2500 50 6.4 1.727
30511.2500 39778.7500 50 10.9 1.361
4702.5000 2145.0000 51 2.5 8.651
8772.5000 9226.2500 51 5.1 1.584
11563.7500 9955.0000 51 9.4 1.770
12237.5000 10353.7500 51 3.1 2.648
11426.2500 10903.7500 51 6.2 -10.419
13007.5000 11330.0000 51 2.3 -2.056
15331.2500 11330.0000 51 3.5 -6.949
10738.7500 11866.2500 51 3.0 3.590
13433.7500 12416.2500 51 4.3 2.104
9941.2500 12760.0000 51 3.9 1.391
8772.5000 12787.5000 51 5.8 -6.143
16101.2500 13942.5000 51 5.8 -2.934
19250.0000 14038.7500 51 2.9 5.750
12485.0000 14135.0000 51 7.5 -17.851
16995.0000 14135.0000 51 4.5 2.809
18906.2500 14960.0000 51 4.0 -5.034
24158.7500 16871.2500 51 3.4 1.104
5183.7500 17325.0000 51 3.7 -0.882
21986.2500 17366.2500 51 6.3 2.320
6270.0000 18108.7500 51 3.5 -3.276
4826.2500 18425.0000 51 4.3 2.812
6875.0000 19442.5000 51 4.0 3.434
20295.0000 22591.2500 51 25.3 1.436
22055.0000 28558.7500 51 22.3 1.369
12361.2500 30800.0000 51 5.8 2.273
11371.2500 34182.5000 51 6.0 1.393
17943.7500 34182.5000 51 7.2 1.239
27087.5000 34443.7500 51 2.5 2.302
26138.7500 39283.7500 51 5.5 -1.038
30497.5000 39765.0000 51 11.6 1.262
4702.5000 2158.7500 52 2.6 2.832
11110.0000 2172.5000 52 3.8 2.003
8772.5000 9267.5000 52 2.8 2.181
12223.7500 9803.7500 52 2.4 -1.349
11577.5000 9955.0000 52 5.2 1.120
8566.2500 10230.0000 52 12.1 -1.073
12320.0000 10243.7500 52 2.5 -2.557
11467.5000 10848.7500 52 3.3 -4.857
15331.2500 11316.2500 52 3.4 1.626
6833.7500 11728.7500 52 5.4 5.619
16692.5000 11948.7500 52 5.7 1.107
10408.7500 12182.5000 52 7.7 2.888
9817.5000 12691.2500 52 3.4 -3.689
8827.5000 12801.2500 52 5.2 -0.087
16211.2500 13901.2500 52 6.0 1.308
19415.0000 13942.5000 52 5.4 1.569
17008.7500 14121.2500 52 4.8 1.911
12608.7500 14190.0000 52 11.1 -4.389
21656.2500 14203.7500 52 4.1 2.641
21340.0000 15290.0000 52 3.0 -39.058
7095.0000 15317.5000 52 7.0 1.232
9941.2500 15358.7500 52 2.3 7.839
24186.2500 16898.7500 52 3.9 1.150
23100.0000 17806.2500 52 8.7 1.304
20281.2500 22591.2500 52 25.2 1.325
9033.7500 22921.2500 52 1.6 -0.818
20858.7500 24667.5000 52 6.3 1.324
22041.2500 28558.7500 52 22.9 1.197
12320.0000 30813.7500 52 5.9 1.243
11343.7500 34196.2500 52 3.1 -1.583
27142.5000 34471.2500 52 4.0 -0.162
26097.5000 39270.0000 52 5.5 1.096
30497.5000 39765.0000 52 11.2 1.069
4702.5000 2145.0000 53 2.9 6.613
8786.2500 9226.2500 53 5.4 1.488
3726.2500 9638.7500 53 4.9 3.121
12278.7500 9735.0000 53 1.9 7.422
8566.2500 10120.0000 53 8.7 2.869
6820.0000 11728.7500 53 7.4 1.662
16678.7500 11935.0000 53 8.6 1.737
10422.5000 12196.2500 53 4.7 1.522
8758.7500 12760.0000 53 4.3 0.079
9872.5000 12828.7500 53 8.0 1.038
16156.2500 13832.5000 53 7.5 2.941
20955.0000 13873.7500 53 12.8 2.604
19442.5000 13970.0000 53 4.8 -10.278
16926.2500 14107.5000 53 4.7 -1.430
12540.0000 14176.2500 53 5.6 1.305
13337.5000 14341.2500 53 13.6 1.777
7576.2500 14960.0000 53 8.9 1.626
9886.2500 15303.7500 53 8.5 1.164
7136.2500 15496.2500 53 10.3 1.985
17613.7500 16747.5000 53 15.0 1.125
7026.2500 17063.7500 53 18.6 1.394
23100.0000 17806.2500 53 14.5 1.089
4950.0000 18782.5000 53 2.4 -1.239
13626.2500 19263.7500 53 5.2 13.565
5733.7500 21257.5000 53 3.0 3.178
20295.0000 22591.2500 53 25.6 1.270
20845.0000 24681.2500 53 2.6 1.480
29947.5000 25960.0000 53 4.1 0.290
22041.2500 28558.7500 53 22.5 1.118
26111.2500 39242.5000 53 6.1 2.360
30511.2500 39778.7500 53 11.2 1.268
8786.2500 9240.0000 54 5.6 1.893
8580.0000 10408.7500 54 9.9 6.549
16032.5000 11495.0000 54 5.6 2.001
6820.0000 11728.7500 54 7.5 1.533
19208.7500 11921.2500 54 6.6 1.921
8703.7500 12746.2500 54 3.4 -4.492
9680.0000 12760.0000 54 9.9 5.104
22165.0000 13640.0000 54 2.8 2.526
17875.0000 13791.2500 54 5.3 2.740
16183.7500 13873.7500 54 7.4 1.876
19456.2500 13873.7500 54 3.0 3.974
20941.2500 13873.7500 54 6.2 4.331
13640.0000 14327.5000 54 14.9 1.819
18713.7500 14355.0000 54 2.7 -14.079
12072.5000 14423.7500 54 7.5 1.478
7562.5000 14960.0000 54 8.0 2.491
7136.2500 15496.2500 54 9.2 1.181
21601.2500 16390.0000 54 3.5 2.102
17613.7500 16733.7500 54 17.2 1.525
7040.0000 17050.0000 54 2.6 -0.475
8002.5000 19030.0000 54 2.6 -1.856
13612.5000 19250.0000 54 4.3 1.722
24695.0000 20693.7500 54 5.5 -7.983
30002.5000 21216.2500 54 3.0 4.961
20281.2500 22591.2500 54 24.9 1.343
31130.0000 25025.0000 54 3.8 3.750
29933.7500 26001.2500 54 3.7 2.059
22055.0000 28558.7500 54 21.7 1.230
26097.5000 39242.5000 54 3.8 4.146
30511.2500 39778.7500 54 11.7 1.580
16472.5000 1897.5000 55 2.3 2.365
8538.7500 10147.5000 55 10.3 1.090
12375.0000 10532.5000 55 2.1 4.136
7108.7500 10917.5000 55 2.0 1.925
8415.0000 11412.5000 55 8.7 1.453
12980.0000 11508.7500 55 14.5 -5.278
6806.2500 11742.5000 55 5.3 1.723
10656.2500 11921.2500 55 3.5 2.559
13585.0000 12127.5000 55 4.8 -5.480
9528.7500 12691.2500 55 9.1 1.793
8758.7500 12760.0000 55 3.3 1.649
17916.2500 13777.5000 55 11.7 2.085
19497.5000 13846.2500 55 5.3 3.366
22440.0000 13860.0000 55 2.9 1.719
21505.0000 13901.2500 55 1.7 3.099
15757.5000 13997.5000 55 11.6 2.329
12911.2500 14396.2500 55 15.1 1.841
12058.7500 14410.0000 55 7.5 29.551
13901.2500 14410.0000 55 21.0 5.235
18906.2500 14973.7500 55 2.9 6.900
17613.7500 16733.7500 55 7.9 2.114
7191.2500 16940.0000 55 2.6 2.644
5060.0000 17215.0000 55 4.6 1.256
22082.5000 17325.0000 55 2.2 4.020
23306.2500 18040.0000 55 4.5 1.205
13640.0000 19208.7500 55 3.9 2.404
24667.5000 20666.2500 55 3.4 -3.238
20281.2500 22577.5000 55 25.3 1.276
12856.2500 23223.7500 55 7.6 1.581
7480.0000 25891.2500 55 6.1 -4.611
22041.2500 28558.7500 55 21.8 1.061
26097.5000 39256.2500 55 5.7 1.123
30497.5000 39778.7500 55 11.1 1.855
8800.0000 9226.2500 56 3.9 1.514
7136.2500 10835.0000 56 3.3 -14.476
12980.0000 11522.5000 56 12.8 1.525
10628.7500 11907.5000 56 2.3 2.002
19566.2500 11962.5000 56 3.0 1.348
12925.0000 12113.7500 56 8.7 1.105
21505.0000 13846.2500 56 3.3 1.151
19470.0000 13915.0000 56 3.6 3.738
15771.2500 14038.7500 56 10.3 1.163
12058.7500 14396.2500 56 7.4 2.224
11247.5000 14437.5000 56 8.4 1.856
20707.5000 14795.0000 56 2.2 4.012
18892.5000 14918.7500 56 2.5 3.262
7205.0000 16967.5000 56 10.1 1.318
5018.7500 17228.7500 56 2.7 3.870
22068.7500 17283.7500 56 7.2 -0.258
6778.7500 17998.7500 56 4.1 2.200
23320.0000 17998.7500 56 5.6 2.106
15097.5000 20006.2500 56 12.4 1.558
2763.7500 20473.7500 56 2.2 -7.962
20295.0000 22577.5000 56 26.2 1.460
12870.0000 23223.7500 56 2.5 1.851
23333.7500 23402.5000 56 2.9 -15.237
7425.0000 25575.0000 56 8.3 1.592
22041.2500 28545.0000 56 22.2 1.043
26070.0000 39228.7500 56 5.3 1.256
18590.0000 39311.2500 56 3.8 -0.849
30497.5000 39778.7500 56 11.3 1.640
4001.2500 8841.2500 57 6.0 1.354
8786.2500 9212.5000 57 5.3 1.680
8525.0000 10023.7500 57 7.5 1.203
11247.5000 11192.5000 57 3.8 1.241
12993.7500 11550.0000 57 16.3 2.518
15716.2500 11673.7500 57 5.0 2.419
16665.0000 11783.7500 57 3.2 1.452
10683.7500 11838.7500 57 2.6 1.507
16170.0000 13887.5000 57 6.1 1.304
19456.2500 13915.0000 57 2.7 -7.081
5252.5000 14176.2500 57 2.6 5.136
12292.5000 14382.5000 57 9.8 10.930
20693.7500 14753.7500 57 6.8 2.759
5898.7500 17063.7500 57 4.0 4.076
17311.2500 17283.7500 57 4.2 3.084
4922.5000 17311.2500 57 5.8 -3.048
23127.5000 17806.2500 57 4.8 3.113
5417.5000 18535.0000 57 3.1 1.155
24708.7500 18548.7500 57 5.0 3.645
6325.0000 18700.0000 57 2.2 6.005
6833.7500 19387.5000 57 5.8 4.705
15111.2500 20006.2500 57 5.2 2.023
20281.2500 22563.7500 57 26.0 1.176
18947.5000 22660.0000 57 2.8 2.051
18260.0000 26565.0000 57 2.7 1.217
22055.0000 28545.0000 57 21.6 1.207
26083.7500 39215.0000 57 6.4 5.848
18576.2500 39283.7500 57 5.8 1.676
30511.2500 39765.0000 57 10.6 1.224
11096.2500 2117.5000 58 1.9 -494.151
8772.5000 9226.2500 58 7.4 1.411
8552.5000 10092.5000 58 11.3 1.195
12306.2500 10450.0000 58 1.9 4.348
11316.2500 11151.2500 58 9.1 1.465
16403.7500 11357.5000 58 3.2 -0.437
15730.0000 11687.5000 58 3.4 2.007
10670.0000 11880.0000 58 3.4 10.197
9088.7500 12320.0000 58 1.8 -3.344
17228.7500 12883.7500 58 4.1 1.739
16183.7500 13887.5000 58 7.0 2.562
5225.0000 14148.7500 58 3.0 3.093
13310.0000 14190.0000 58 4.0 -0.581
11357.5000 14231.2500 58 5.6 1.127
12388.7500 14368.7500 58 7.9 1.105
20707.5000 14767.5000 58 6.3 1.473
19511.2500 15097.5000 58 5.2 1.120
6971.2500 15482.5000 58 5.0 -22.250
6146.2500 15592.5000 58 3.3 1.350
17325.0000 17283.7500 58 3.7 224.447
4908.7500 17338.7500 58 6.2 -1.178
12732.5000 20707.5000 58 4.2 -2.965
20281.2500 22577.5000 58 25.0 1.817
14767.5000 26551.2500 58 3.7 1.172
18273.7500 26565.0000 58 5.7 1.041
22041.2500 28545.0000 58 21.6 1.062
11275.0000 29851.2500 58 4.2 1.775
26083.7500 39215.0000 58 5.1 2.178
18603.7500 39283.7500 58 3.6 2.546
30497.5000 39751.2500 58 10.1 1.866
8772.5000 9226.2500 59 6.2 1.085
8525.0000 10120.0000 59 14.6 1.336
12292.5000 10436.2500 59 2.9 3.606
11660.0000 10725.0000 59 6.3 3.480
8483.7500 11192.5000 59 5.2 1.918
9968.7500 12650.0000 59 14.9 1.619
15881.2500 13323.7500 59 7.5 1.836
12058.7500 13860.0000 59 4.2 10.302
16101.2500 13860.0000 59 6.8 2.439
19525.0000 13928.7500 59 2.4 5.621
12457.5000 14382.5000 59 7.6 1.396
20721.2500 14767.5000 59 7.0 1.139
6105.0000 15565.0000 59 3.1 1.877
7191.2500 16458.7500 59 6.5 3.513
17600.0000 16761.2500 59 3.2 4.344
5183.7500 17792.5000 59 9.2 8.320
6820.0000 18108.7500 59 12.4 1.744
20281.2500 22577.5000 59 26.0 1.288
10725.0000 23636.2500 59 2.5 1.271
22041.2500 28545.0000 59 22.0 1.219
11220.0000 29823.7500 59 3.7 -0.467
26083.7500 39242.5000 59 5.4 2.638
30497.5000 39751.2500 59 10.7 1.322
8772.5000 9226.2500 60 6.6 1.759
8552.5000 10120.0000 60 14.2 1.221
11330.0000 10670.0000 60 3.8 -1.076
8236.2500 10848.7500 60 12.2 1.246
11275.0000 11082.5000 60 3.9 -5.963
15716.2500 11288.7500 60 8.3 3.790
13103.7500 11522.5000 60 7.2 1.382
16458.7500 11660.0000 60 3.9 -0.635
10615.0000 11907.5000 60 3.1 1.155
15427.5000 12485.0000 60 12.9 1.170
8002.5000 12553.7500 60 2.8 4.568
9982.5000 12636.2500 60 24.2 1.321
20982.5000 13626.2500 60 7.6 1.941
16101.2500 13777.5000 60 11.1 2.043
19525.0000 13873.7500 60 3.5 1.411
15303.7500 14203.7500 60 5.5 3.340
12265.0000 14396.2500 60 7.7 -0.299
13516.2500 14533.7500 60 6.4 2.304
15675.0000 14905.0000 60 7.4 1.461
20501.2500 16087.5000 60 3.0 1.496
7205.0000 16486.2500 60 5.1 3.028
5170.0000 17820.0000 60 10.7 1.323
6820.0000 18108.7500 60 14.7 1.624
20281.2500 22577.5000 60 26.4 1.474
22041.2500 28545.0000 60 22.0 1.033
11220.0000 29837.5000 60 3.5 2.482
10573.7500 29933.7500 60 2.1 3.435
30497.5000 39765.0000 60 10.6 1.296
8786.2500 9212.5000 61 5.3 1.590
14808.7500 9817.5000 61 12.3 1.172
8607.5000 10312.5000 61 4.8 1.166
8263.7500 10876.2500 61 5.0 1.374
15331.2500 11206.2500 61 9.6 1.935
8593.7500 11302.5000 61 4.1 1.664
12663.7500 11563.7500 61 19.6 1.993
16527.5000 11660.0000 61 3.2 -173.987
10560.0000 11866.2500 61 12.1 2.791
15427.5000 12485.0000 61 7.9 2.722
8126.2500 12540.0000 61 6.2 23.381
9955.0000 12608.7500 61 28.7 1.142
17008.7500 12828.7500 61 14.4 1.769
20982.5000 13598.7500 61 8.3 1.507
16115.0000 13805.0000 61 10.3 4.134
19483.7500 13887.5000 61 3.8 1.523
14987.5000 14121.2500 61 2.1 2.861
12306.2500 14272.5000 61 5.9 1.884
18260.0000 14396.2500 61 3.0 -4.896
13530.0000 14533.7500 61 26.8 1.700
21271.2500 15001.2500 61 3.0 2.972
7246.2500 15661.2500 61 2.4 20.004
23375.0000 16458.7500 61 3.3 548.214
7026.2500 16692.5000 61 11.0 1.169
21738.7500 17091.2500 61 3.1 1.748
5087.5000 17861.2500 61 10.8 90.314
6820.0000 18095.0000 61 13.3 1.738
4922.5000 18122.5000 61 10.7 -11.290
20281.2500 22577.5000 61 27.0 1.452
12416.2500 23347.5000 61 3.9 4.700
7218.7500 25616.2500 61 5.1 4.045
22055.0000 28531.2500 61 21.5 1.147
11233.7500 29837.5000 61 5.1 1.358
27128.7500 34375.0000 61 2.0 1.388
15166.2500 35062.5000 61 3.1 1.658
30497.5000 39765.0000 61 10.9 1.105
8772.5000 9198.7500 62 6.2 2.516
14822.5000 9858.7500 62 2.7 3.633
8250.0000 10876.2500 62 1.8 3.834
15152.5000 11192.5000 62 5.1 3.105
12870.0000 11577.5000 62 3.7 -1.182
7053.7500 11673.7500 62 2.9 1.781
13103.7500 11756.2500 62 3.7 -1.019
15895.0000 11756.2500 62 9.7 1.491
10546.2500 11921.2500 62 11.2 1.215
15427.5000 12471.2500 62 14.2 1.329
7026.2500 12485.0000 62 4.1 3.659
9982.5000 12636.2500 62 24.5 1.490
16335.0000 13117.5000 62 2.7 -4.228
16156.2500 13860.0000 62 7.0 1.197
18040.0000 13860.0000 62 2.7 10.595
15097.5000 14176.2500 62 5.8 2.365
19208.7500 14245.0000 62 3.4 2.635
18232.5000 14341.2500 62 2.8 1.381
13516.2500 14533.7500 62 25.8 4.356
7452.5000 14616.2500 62 2.8 3.528
7301.2500 15633.7500 62 2.6 -87.073
5101.2500 15771.2500 62 5.1 1.826
5156.2500 16417.5000 62 4.7 1.544
23361.2500 16458.7500 62 7.5 1.723
7026.2500 16692.5000 62 10.0 1.265
21766.2500 17063.7500 62 4.3 -1.520
23072.5000 17600.0000 62 6.0 -24.439
5170.0000 17820.0000 62 7.3 3.976
4895.0000 18315.0000 62 7.7 -2.133
14712.5000 21766.2500 62 6.3 -0.411
20281.2500 22577.5000 62 27.6 1.311
17517.5000 24997.5000 62 2.9 2.509
7356.2500 25588.7500 62 7.2 1.661
22041.2500 28545.0000 62 22.1 1.136
11247.5000 29823.7500 62 7.2 -16.749
30483.7500 39765.0000 62 10.2 1.199
8758.7500 9240.0000 63 6.6 1.153
11412.5000 9652.5000 63 2.5 6.980
8511.2500 10120.0000 63 15.5 1.104
12320.0000 10436.2500 63 2.7 2.534
11371.2500 11646.2500 63 2.0 5.286
15895.0000 11756.2500 63 8.7 1.657
13213.7500 11852.5000 63 5.4 1.674
13530.0000 12347.5000 63 4.4 3.778
7012.5000 12498.7500 63 11.6 1.386
9982.5000 12608.7500 63 30.7 1.353
4950.0000 13475.0000 63 3.4 -7.492
20996.2500 13475.0000 63 2.7 4.005
16087.5000 13860.0000 63 16.9 2.022
19470.0000 13942.5000 63 3.1 1.167
15138.7500 14162.5000 63 4.1 2.053
11495.0000 14231.2500 63 5.5 1.610
13282.5000 14272.5000 63 13.9 1.758
12773.7500 14410.0000 63 14.1 1.305
4936.2500 14808.7500 63 6.4 2.772
5142.5000 15730.0000 63 5.0 4.088
20913.7500 16458.7500 63 5.0 24.556
5142.5000 16472.5000 63 7.0 3.714
21931.2500 16926.2500 63 2.5 2.986
4840.0000 18205.0000 63 8.5 2.087
12828.7500 18205.0000 63 6.7 -2.235
10422.5000 21092.5000 63 2.6 2.784
14740.0000 21725.0000 63 9.3 4.774
20281.2500 22577.5000 63 27.7 1.174
19951.2500 27280.0000 63 10.7 1.678
22055.0000 28531.2500 63 22.0 1.196
8373.7500 30813.7500 63 2.0 -9.293
6847.5000 37193.7500 63 3.2 2.355
30497.5000 39751.2500 63 10.5 1.254
8717.5000 9212.5000 64 6.5 6.333
8511.2500 10133.7500 64 15.0 1.102
12361.2500 10257.5000 64 3.5 -10.612
11123.7500 10931.2500 64 2.8 3.756
7012.5000 11013.7500 64 2.8 -1.788
13323.7500 11618.7500 64 6.2 -0.993
10587.5000 11976.2500 64 3.6 -3.951
13392.5000 12031.2500 64 5.8 5.584
9982.5000 12636.2500 64 23.9 1.471
16926.2500 13062.5000 64 13.1 1.672
4963.7500 13502.5000 64 10.5 2.874
21037.5000 13543.7500 64 10.1 1.888
16183.7500 13873.7500 64 7.5 3.028
19456.2500 13873.7500 64 3.8 2.433
7342.5000 13942.5000 64 2.7 3.614
13653.7500 14355.0000 64 5.7 -17.625
12732.5000 14423.7500 64 8.6 1.093
4922.5000 14808.7500 64 10.0 2.046
18988.7500 14932.5000 64 2.7 29.176
21422.5000 15262.5000 64 2.2 1.271
7136.2500 16280.0000 64 9.2 1.908
23375.0000 16403.7500 64 5.7 1.887
5156.2500 16486.2500 64 8.5 1.427
5170.0000 17820.0000 64 4.4 -6.026
14712.5000 21766.2500 64 8.0 1.653
20281.2500 22563.7500 64 27.3 1.534
4565.0000 24612.5000 64 5.7 6.223
15551.2500 25121.2500 64 8.3 2.377
19910.0000 27266.2500 64 5.0 1.116
22041.2500 28531.2500 64 21.8 1.154
8401.2500 30800.0000 64 4.8 1.437
12773.7500 34870.0000 64 3.1 0.249
6833.7500 37125.0000 64 3.8 52.315
30497.5000 39765.0000 64 10.2 1.361
28572.5000 7315.0000 65 3.0 738.924
8717.5000 9198.7500 65 7.5 1.045
8497.5000 10243.7500 65 7.3 1.701
12347.5000 10285.0000 65 3.5 -5.940
11041.2500 11000.0000 65 2.6 1.693
14492.5000 11123.7500 65 6.4 2.007
15826.2500 11385.0000 65 7.4 1.198
9955.0000 12663.7500 65 11.2 1.656
16967.5000 13048.7500 65 12.3 -2.508
5032.5000 13516.2500 65 10.0 1.080
19470.0000 13846.2500 65 3.1 2.461
16252.5000 13887.5000 65 8.7 4.681
11522.5000 14245.0000 65 3.9 -1.281
12223.7500 14327.5000 65 6.5 2.419
4936.2500 14822.5000 65 9.1 1.249
18933.7500 14918.7500 65 4.4 -9.578
23595.0000 15056.2500 65 3.2 1.867
7301.2500 15620.0000 65 2.7 5.901
23361.2500 16390.0000 65 7.4 1.794
5142.5000 16472.5000 65 7.4 2.102
23595.0000 18081.2500 65 3.0 -4.263
23567.5000 18631.2500 65 2.9 1.260
14712.5000 21793.7500 65 7.5 1.960
20281.2500 22563.7500 65 27.2 1.459
29590.0000 22632.5000 65 3.5 -0.338
22096.2500 24268.7500 65 3.6 2.051
4551.2500 24598.7500 65 3.0 8.514
15537.5000 25121.2500 65 4.6 2.245
7273.7500 25492.5000 65 4.8 -2.852
22041.2500 28531.2500 65 21.5 1.213
13983.7500 30030.0000 65 2.3 6.871
30497.5000 39751.2500 65 10.8 2.188
28586.2500 7301.2500 66 2.2 -17.337
8635.0000 9198.7500 66 9.3 2.968
8538.7500 10202.5000 66 11.3 1.524
12361.2500 10202.5000 66 4.0 1.984
14547.5000 11165.0000 66 2.9 2.217
13695.0000 11440.0000 66 3.7 2.647
12553.7500 11536.2500 66 3.8 3.258
10670.0000 11935.0000 66 2.6 -0.924
19580.0000 11962.5000 66 12.0 1.414
7713.7500 12210.0000 66 6.3 2.282
13241.2500 12237.5000 66 11.9 1.270
9941.2500 12773.7500 66 5.2 2.619
17242.5000 12897.5000 66 5.7 2.517
19222.5000 13213.7500 66 3.0 4.393
20968.7500 13268.7500 66 13.0 1.209
5073.7500 13571.2500 66 9.7 4.544
16142.5000 13832.5000 66 8.1 1.346
19552.5000 13901.2500 66 4.2 1.627
15413.7500 14052.5000 66 5.0 1.685
5252.5000 14272.5000 66 5.4 -3.847
11440.0000 14272.5000 66 3.2 5.308
18933.7500 14905.0000 66 3.8 -0.291
20693.7500 16087.5000 66 2.7 3.087
7397.5000 16348.7500 66 5.6 1.534
23375.0000 16390.0000 66 6.3 11.485
21670.0000 17160.0000 66 3.8 1.043
5238.7500 17792.5000 66 3.0 3.594
6668.7500 17957.5000 66 5.3 3.440
23595.0000 18067.5000 66 4.2 -2.721
19318.7500 18232.5000 66 4.6 1.646
8538.7500 18301.2500 66 4.3 1.603
5362.5000 18493.7500 66 3.2 1.187
20913.7500 19772.5000 66 8.1 1.009
23265.0000 20817.5000 66 2.7 4.122
14767.5000 21738.7500 66 3.7 2.826
20281.2500 22563.7500 66 27.5 1.101
16940.0000 26070.0000 66 1.7 3.255
22041.2500 28531.2500 66 21.6 1.204
20240.0000 28655.0000 66 2.4 2.256
16788.7500 28971.2500 66 7.0 1.119
25368.7500 30153.7500 66 2.5 4.186
30497.5000 39765.0000 66 10.7 1.381
28641.2500 7287.5000 67 3.5 1.199
8786.2500 9198.7500 67 5.1 1.280
12375.0000 10202.5000 67 4.6 -2.525
8552.5000 10230.0000 67 7.7 1.135
17091.2500 10780.0000 67 2.9 1.785
14630.0000 11137.5000 67 2.4 -3.006
7095.0000 11261.2500 67 3.3 1.264
15345.0000 11288.7500 67 6.9 1.170
21628.7500 11577.5000 67 3.6 1.906
13200.0000 11618.7500 67 10.2 1.600
13255.0000 12196.2500 67 13.3 2.247
7713.7500 12210.0000 67 4.4 2.272
17380.0000 12553.7500 67 3.3 13.625
9858.7500 12746.2500 67 4.7 0.581
16981.2500 13447.5000 67 15.6 1.639
18260.0000 13447.5000 67 8.6 1.103
5073.7500 13571.2500 67 8.0 3.498
16156.2500 13860.0000 67 8.6 1.804
19456.2500 13860.0000 67 3.7 3.700
22522.5000 13887.5000 67 3.9 18.205
12347.5000 14217.5000 67 6.2 1.484
5266.2500 14300.0000 67 3.7 149.211
13763.7500 14396.2500 67 4.4 6.033
18947.5000 14905.0000 67 3.9 1.285
20680.0000 16101.2500 67 3.2 101.313
23320.0000 16390.0000 67 2.2 1.802
8456.2500 16500.0000 67 2.3 2.205
21683.7500 17146.2500 67 5.0 7.164
6682.5000 17943.7500 67 4.8 1.677
19277.5000 18218.7500 67 9.9 1.201
8552.5000 18315.0000 67 13.5 1.077
5376.2500 18507.5000 67 3.3 -4.305
20913.7500 19772.5000 67 2.6 41.249
8415.0000 20130.0000 67 2.8 -3.587
14698.7500 21738.7500 67 6.4 1.051
20281.2500 22563.7500 67 27.5 1.261
22041.2500 28531.2500 67 21.7 1.139
20226.2500 28668.7500 67 4.6 2.357
16775.0000 28998.7500 67 7.2 1.686
25368.7500 30126.2500 67 2.9 1.370
23485.0000 32285.0000 67 2.3 2.137
30497.5000 39751.2500 67 10.2 1.302
8772.5000 9198.7500 68 6.2 1.221
11412.5000 9625.0000 68 6.6 1.392
12210.0000 9803.7500 68 2.7 8.900
8415.0000 10023.7500 68 12.2 2.038
12347.5000 10257.5000 68 2.9 5.205
17077.5000 10807.5000 68 2.5 -29.764
14506.2500 11110.0000 68 4.0 -1.273
11288.7500 11123.7500 68 7.2 1.198
7095.0000 11220.0000 68 5.9 4.956
15317.5000 11288.7500 68 3.4 5.222
16403.7500 11371.2500 68 2.0 -11.248
19525.0000 11990.0000 68 3.8 1.602
18273.7500 13447.5000 68 10.3 1.308
15922.5000 13598.7500 68 15.9 -21.678
22316.2500 13612.5000 68 8.9 2.491
12347.5000 14203.7500 68 5.8 2.747
13722.5000 14368.7500 68 11.9 3.256
19002.5000 14946.2500 68 4.1 -9.207
21243.7500 15455.0000 68 3.2 -5.226
5142.5000 15702.5000 68 2.6 2.253
8497.5000 16486.2500 68 5.3 2.622
21683.7500 17118.7500 68 4.0 -3.208
19305.0000 18218.7500 68 6.3 1.408
8538.7500 18287.5000 68 3.3 18.520
4290.0000 21408.7500 68 2.8 3.027
14753.7500 21725.0000 68 7.3 2.096
20295.0000 22563.7500 68 27.2 1.330
4661.2500 24612.5000 68 1.5 19.903
22055.0000 28531.2500 68 21.8 1.347
16788.7500 28985.0000 68 7.2 1.346
838.7500 32628.7500 68 1.9 3.984
30483.7500 39751.2500 68 10.4 1.381
8786.2500 9212.5000 69 6.3 1.522
11426.2500 9638.7500 69 4.6 1.427
8387.5000 9927.5000 69 10.7 1.560
17091.2500 10807.5000 69 2.9 6.276
14533.7500 11123.7500 69 6.1 1.513
2310.0000 11247.5000 69 3.4 1.440
13076.2500 11673.7500 69 3.8 1.864
19552.5000 11976.2500 69 8.8 2.039
8483.7500 12608.7500 69 11.1 1.053
10326.2500 12938.7500 69 2.9 -1.519
15908.7500 13310.0000 69 19.9 -1.286
22275.0000 13598.7500 69 8.6 1.775
12017.5000 14313.7500 69 9.5 1.454
11302.5000 14368.7500 69 18.5 1.057
13516.2500 14520.0000 69 21.6 4.354
5128.7500 15702.5000 69 2.7 -7.376
20748.7500 16170.0000 69 3.0 2.242
8511.2500 16458.7500 69 6.9 1.073
5637.5000 16706.2500 69 3.6 1.621
31143.7500 16857.5000 69 3.4 2.547
5940.0000 18053.7500 69 2.2 11.550
23567.5000 18122.5000 69 9.1 4.610
20748.7500 20033.7500 69 9.7 1.417
14740.0000 21711.2500 69 6.3 4.151
20281.2500 22550.0000 69 27.3 1.229
4661.2500 24612.5000 69 4.4 1.809
7273.7500 25575.0000 69 5.2 1.288
22055.0000 28517.5000 69 21.9 1.058
16788.7500 28998.7500 69 7.9 1.237
11907.5000 29273.7500 69 2.8 19.181
10793.7500 30442.5000 69 3.3 -1.836
10106.2500 30745.0000 69 4.6 3.771
797.5000 32601.2500 69 2.9 1.708
30511.2500 39737.5000 69 10.0 1.080
10890.0000 2818.7500 70 7.5 1.310
8758.7500 9212.5000 70 6.6 1.550
8387.5000 9927.5000 70 7.0 2.541
8263.7500 10738.7500 70 5.8 2.252
6902.5000 11027.5000 70 3.3 1.308
14465.0000 11055.0000 70 3.5 1.653
16692.5000 11770.0000 70 3.0 -10.657
13117.5000 11935.0000 70 8.5 1.278
19552.5000 11976.2500 70 5.2 4.136
6875.0000 12003.7500 70 10.2 1.840
8483.7500 12608.7500 70 6.4 1.281
17118.7500 12636.2500 70 8.8 2.025
22316.2500 13598.7500 70 2.1 2.077
16087.5000 13846.2500 70 10.4 1.413
17435.0000 14217.5000 70 3.1 3.410
11288.7500 14382.5000 70 8.6 1.759
16335.0000 14575.0000 70 4.1 2.972
8483.7500 16445.0000 70 4.1 1.131
5678.7500 16761.2500 70 10.5 1.583
22000.0000 17091.2500 70 4.4 -1.871
16940.0000 17957.5000 70 5.0 3.419
14767.5000 21752.5000 70 6.7 1.383
20295.0000 22550.0000 70 28.0 1.370
4647.5000 24585.0000 70 5.0 2.018
7411.2500 25575.0000 70 4.6 1.890
22055.0000 28517.5000 70 21.7 1.019
16788.7500 28998.7500 70 6.7 1.755
12168.7500 29810.0000 70 4.1 1.112
25382.5000 30098.7500 70 6.1 10.680
30497.5000 39737.5000 70 10.4 1.421
13598.7500 40975.0000 70 4.0 1.329
8786.2500 9198.7500 71 6.1 1.493
13887.5000 9597.5000 71 4.4 1.398
12223.7500 9693.7500 71 2.0 3.143
11495.0000 10903.7500 71 6.2 1.878
8236.2500 10972.5000 71 11.2 -2.946
12773.7500 11522.5000 71 4.4 -41.788
11330.0000 11728.7500 71 2.6 -0.924
6861.2500 11962.5000 71 5.9 6.244
7645.0000 12196.2500 71 2.5 1.710
9982.5000 12196.2500 71 4.3 -1.328
13626.2500 12292.5000 71 3.8 4.049
22412.5000 13805.0000 71 6.0 6.306
16156.2500 13818.7500 71 12.3 2.116
14121.2500 14148.7500 71 6.8 1.367
13433.7500 14203.7500 71 2.6 -2.182
17325.0000 14203.7500 71 3.4 -3.699
12031.2500 14245.0000 71 3.7 -2.721
16335.0000 14575.0000 71 6.3 -3.438
24681.2500 15111.2500 71 6.2 2.026
21725.0000 15262.5000 71 11.4 1.372
5637.5000 16733.7500 71 6.6 1.479
21931.2500 17132.5000 71 2.9 -1.937
16981.2500 17916.2500 71 2.3 -1.662
5348.7500 18480.0000 71 2.7 -0.643
14712.5000 21711.2500 71 6.2 2.011
20295.0000 22563.7500 71 27.1 1.115
4688.7500 24598.7500 71 3.6 1.719
7438.7500 25575.0000 71 6.0 3.488
4510.0000 28022.5000 71 2.7 1.592
22055.0000 28517.5000 71 22.0 1.247
25368.7500 30140.0000 71 4.3 2.460
30511.2500 39737.5000 71 10.3 1.675
13598.7500 40947.5000 71 4.7 1.835
12375.0000 1705.0000 72 3.1 37.076
8772.5000 9226.2500 72 6.9 1.723
13887.5000 9583.7500 72 3.7 2.030
8401.2500 9845.0000 72 12.1 1.473
11563.7500 9927.5000 72 7.2 2.853
12265.0000 10367.5000 72 3.3 -1.655
11412.5000 10986.2500 72 10.2 1.632
6902.5000 11013.7500 72 4.1 5.155
5060.0000 11192.5000 72 4.0 3.131
10518.7500 11948.7500 72 4.8 4.118
6861.2500 12003.7500 72 2.3 -11.899
13530.0000 12402.5000 72 8.4 2.410
8373.7500 12663.7500 72 3.4 1.640
15853.7500 13433.7500 72 22.4 1.221
14107.5000 14135.0000 72 21.3 1.135
13420.0000 14217.5000 72 11.9 1.587
12058.7500 14245.0000 72 6.0 1.517
21615.0000 14245.0000 72 4.8 1.747
20858.7500 14478.7500 72 4.8 2.175
21257.5000 15386.2500 72 7.1 2.036
6971.2500 15400.0000 72 7.6 3.221
7136.2500 16183.7500 72 5.1 1.612
6696.2500 17930.0000 72 5.2 1.813
5898.7500 21065.0000 72 4.0 -1.057
14753.7500 21752.5000 72 6.2 -1.476
20295.0000 22563.7500 72 26.8 1.390
7191.2500 25575.0000 72 3.5 1.824
12113.7500 25588.7500 72 8.2 1.964
7645.0000 26056.2500 72 3.4 3.696
4468.7500 28050.0000 72 3.3 4.277
22055.0000 28517.5000 72 21.6 1.118
30497.5000 39737.5000 72 10.4 1.512
8772.5000 9185.0000 73 4.7 1.316
8566.2500 10106.2500 73 5.8 1.271
6971.2500 11082.5000 73 2.1 2.245
5046.2500 11192.5000 73 3.7 1.286
15455.0000 11687.5000 73 1.7 1.953
10642.5000 11880.0000 73 2.9 -0.760
13488.7500 12375.0000 73 13.7 1.178
8387.5000 12691.2500 73 5.4 1.136
17627.5000 12842.5000 73 7.4 1.512
9666.2500 13021.2500 73 13.3 1.284
21023.7500 13090.0000 73 10.0 1.541
16142.5000 13818.7500 73 8.5 2.640
22041.2500 13901.2500 73 8.0 1.240
20817.5000 14121.2500 73 10.4 2.071
13983.7500 14176.2500 73 15.1 3.447
12003.7500 14286.2500 73 7.3 8.585
18315.0000 14382.5000 73 3.1 -10.419
5142.5000 15702.5000 73 3.1 -2.897
6710.0000 16733.7500 73 3.7 1.360
5225.0000 17132.5000 73 2.4 2.967
17627.5000 21560.0000 73 1.9 5.765
20295.0000 22563.7500 73 26.8 1.651
22041.2500 28517.5000 73 21.9 1.070
28008.7500 32216.2500 73 2.7 1.892
10312.5000 33976.2500 73 1.9 15.573
30497.5000 39751.2500 73 10.5 1.053
8786.2500 9198.7500 74 4.4 105.864
8552.5000 10010.0000 74 5.9 1.773
11481.2500 11000.0000 74 3.0 -1.626
15468.7500 11673.7500 74 2.6 1.651
10642.5000 11880.0000 74 2.7 3.036
13158.7500 12003.7500 74 14.7 1.605
8428.7500 12691.2500 74 3.1 2.663
17503.7500 12870.0000 74 4.6 -9.331
19497.5000 13406.2500 74 4.0 1.635
17050.0000 13516.2500 74 5.2 1.174
16238.7500 13997.5000 74 18.0 1.191
13475.0000 14080.0000 74 13.9 1.405
20707.5000 14080.0000 74 6.9 1.443
12127.5000 14203.7500 74 6.1 -1.544
22110.0000 14217.5000 74 4.3 -8.964
19140.0000 14258.7500 74 3.3 -3.460
17435.0000 14272.5000 74 5.1 2.511
7631.2500 14382.5000 74 17.5 2.103
21120.0000 15235.0000 74 3.2 -1.635
5156.2500 15675.0000 74 2.8 3.560
2516.2500 16266.2500 74 1.8 1.208
6682.5000 16761.2500 74 4.3 1.341
23705.0000 17875.0000 74 3.5 -1.612
20295.0000 22550.0000 74 26.4 1.467
4592.5000 24543.7500 74 5.0 -2.665
7136.2500 25300.0000 74 2.3 1.729
22041.2500 28517.5000 74 21.9 1.063
10298.7500 33976.2500 74 4.2 2.836
30511.2500 39737.5000 74 10.8 1.680
2502.5000 206.2500 75 2.5 7.114
8772.5000 9198.7500 75 4.8 1.896
8538.7500 10010.0000 75 12.6 1.153
8305.0000 10752.5000 75 4.0 2.112
9432.5000 11825.0000 75 7.0 13.383
10656.2500 11893.7500 75 3.3 7.808
13158.7500 12003.7500 75 14.9 1.579
16995.0000 13571.2500 75 4.3 -2.549
22137.5000 13887.5000 75 4.5 2.034
16211.2500 13942.5000 75 18.2 2.700
13475.0000 14066.2500 75 7.6 1.555
20707.5000 14080.0000 75 5.5 4.881
12072.5000 14231.2500 75 5.9 1.389
14038.7500 14231.2500 75 5.7 -0.740
17462.5000 14258.7500 75 4.6 -26.707
19112.5000 14272.5000 75 2.8 -1.931
21518.7500 14891.2500 75 7.4 1.432
5128.7500 15730.0000 75 2.9 3.224
6847.5000 15826.2500 75 1.9 1.356
6930.0000 17833.7500 75 5.9 1.330
5637.5000 18328.7500 75 2.9 1.437
12801.2500 20473.7500 75 2.1 3.508
20295.0000 22550.0000 75 25.4 1.527
4592.5000 24530.0000 75 6.2 2.836
22055.0000 28517.5000 75 22.5 1.060
30497.5000 39737.5000 75 10.1 1.553
9116.2500 5513.7500 76 1.6 3.334
8800.0000 9198.7500 76 4.5 1.175
7040.0000 10931.2500 76 7.3 2.368
14410.0000 10986.2500 76 2.6 -1.592
14987.5000 11371.2500 76 2.1 1.533
6847.5000 11701.2500 76 5.8 3.723
16541.2500 11770.0000 76 6.3 5.193
9391.2500 11838.7500 76 2.7 2.333
10670.0000 11880.0000 76 5.2 3.308
19525.0000 11990.0000 76 7.1 1.287
13145.0000 12141.2500 76 20.7 1.260
9680.0000 12567.5000 76 2.8 5.529
16981.2500 12773.7500 76 10.9 1.161
10450.0000 12883.7500 76 2.7 -6.275
8470.0000 13090.0000 76 3.6 -0.666
16060.0000 13763.7500 76 8.3 1.448
14203.7500 14052.5000 76 4.6 2.536
15303.7500 14107.5000 76 3.8 -2.259
8360.0000 14203.7500 76 12.3 3.948
12155.0000 14231.2500 76 3.1 5.918
17448.7500 14245.0000 76 3.9 22.427
12966.2500 14327.5000 76 4.1 1.105
20941.2500 14863.7500 76 14.6 1.669
10807.5000 15647.5000 76 4.5 1.334
6888.7500 15908.7500 76 9.9 2.023
2516.2500 16238.7500 76 2.1 2.786
20501.2500 16348.7500 76 4.2 -11.947
6930.0000 17833.7500 76 10.3 1.276
11316.2500 21271.2500 76 4.1 1.760
20295.0000 22550.0000 76 26.5 1.397
4592.5000 24543.7500 76 5.9 1.508
29273.7500 25286.2500 76 2.7 18.151
22055.0000 28517.5000 76 22.3 1.088
30511.2500 39737.5000 76 10.1 2.154
14368.7500 2750.0000 77 5.2 1.747
11206.2500 3052.5000 77 2.5 -3.421
23388.7500 3753.7500 77 2.4 -2.969
8745.0000 9198.7500 77 6.1 2.215
7012.5000 10958.7500 77 10.5 1.654
14946.2500 11302.5000 77 4.6 4.459
10642.5000 11907.5000 77 3.0 6.290
7590.0000 12100.0000 77 2.7 1.403
13117.5000 12168.7500 77 22.8 1.316
8126.2500 12650.0000 77 5.6 2.782
10408.7500 12883.7500 77 3.1 -3.250
12155.0000 13145.0000 77 3.8 -0.378
15702.5000 13392.5000 77 5.7 28.162
16170.0000 13846.2500 77 7.7 1.442
21560.0000 14135.0000 77 2.6 2.027
12237.5000 14162.5000 77 5.5 1.085
17545.0000 14272.5000 77 3.0 1.458
7480.0000 14588.7500 77 8.3 1.983
20941.2500 14863.7500 77 8.2 1.362
13433.7500 15056.2500 77 7.0 2.082
7260.0000 15551.2500 77 5.1 1.645
5128.7500 15688.7500 77 3.7 2.007
6916.2500 17847.5000 77 7.8 1.964
5527.5000 17861.2500 77 2.2 1.350
12622.5000 20597.5000 77 2.8 1.611
20295.0000 22550.0000 77 26.1 1.372
7301.2500 25575.0000 77 5.0 1.425
22055.0000 28517.5000 77 21.9 1.153
21518.7500 35681.2500 77 4.3 4.862
30511.2500 39723.7500 77 10.5 2.218
2516.2500 220.0000 78 2.9 1.398
23375.0000 3753.7500 78 3.2 7.281
8772.5000 9185.0000 78 5.4 2.299
8497.5000 9968.7500 78 5.4 1.099
14808.7500 11123.7500 78 7.7 1.246
15716.2500 11673.7500 78 2.4 1.563
8607.5000 11756.2500 78 6.6 5.857
17503.7500 12608.7500 78 2.0 1.993
8126.2500 12650.0000 78 5.1 1.169
9886.2500 12787.5000 78 3.3 2.316
10381.2500 12897.5000 78 3.9 4.253
20968.7500 13076.2500 78 4.3 2.522
16403.7500 13172.5000 78 6.8 1.527
17091.2500 13516.2500 78 3.4 11.392
16156.2500 13846.2500 78 9.1 1.025
4757.5000 14148.7500 78 2.9 1.921
17435.0000 14176.2500 78 2.7 0.045
12292.5000 14190.0000 78 5.8 1.331
7328.7500 15578.7500 78 2.2 9.123
5431.2500 17792.5000 78 4.1 3.220
6503.7500 17902.5000 78 7.8 1.388
5032.5000 18631.2500 78 2.4 15.413
5967.5000 19112.5000 78 3.4 -4.501
20295.0000 22550.0000 78 26.2 1.500
5115.0000 24818.7500 78 2.0 1.805
7287.5000 25478.7500 78 8.6 -0.890
22055.0000 28517.5000 78 21.5 1.143
30236.2500 32793.7500 78 7.5 1.191
9652.5000 34361.2500 78 4.1 1.217
12306.2500 37441.2500 78 4.8 6.821
30511.2500 39737.5000 78 11.3 1.271
9088.7500 7067.5000 79 1.7 2.144
8772.5000 9226.2500 79 5.3 1.867
8538.7500 10051.2500 79 17.1 1.268
15702.5000 11646.2500 79 3.6 1.935
8593.7500 11742.5000 79 10.8 1.025
10257.5000 12196.2500 79 13.8 1.757
8717.5000 12636.2500 79 3.7 5.013
16293.7500 13337.5000 79 11.0 1.155
4716.2500 13777.5000 79 2.5 -0.976
16142.5000 13846.2500 79 16.1 1.481
20955.0000 14107.5000 79 2.6 1.755
14231.2500 14148.7500 79 4.0 1.451
12292.5000 14203.7500 79 5.5 14.681
13557.5000 14437.5000 79 7.5 1.564
15262.5000 14506.2500 79 2.5 25.458
31900.0000 15262.5000 79 2.7 34.843
6847.5000 15551.2500 79 9.4 2.213
20061.2500 15922.5000 79 3.0 3.687
5252.5000 16335.0000 79 4.2 1.685
23677.5000 16720.0000 79 4.1 -2.867
6490.0000 17916.2500 79 7.3 1.169
4936.2500 18713.7500 79 5.1 6.474
5926.2500 20515.0000 79 2.3 -3.960
14506.2500 22096.2500 79 5.0 1.406
28930.0000 22426.2500 79 2.6 2.052
20295.0000 22550.0000 79 26.7 1.906
32078.7500 26702.5000 79 3.9 1.589
22055.0000 28517.5000 79 21.4 1.209
30346.2500 32862.5000 79 3.2 -0.796
29590.0000 39283.7500 79 1.2 3.410
30511.2500 39737.5000 79 10.8 1.133
12705.0000 2145.0000 80 2.9 2.117
9061.2500 7053.7500 80 5.7 1.783
8800.0000 9198.7500 80 3.8 1.840
8580.0000 9900.0000 80 4.9 1.497
22481.2500 10518.7500 80 2.7 1.479
6902.5000 10766.2500 80 4.8 2.416
14396.2500 10945.0000 80 4.5 1.504
7122.5000 11426.2500 80 4.5 3.519
16678.7500 11811.2500 80 2.0 2.016
19470.0000 12045.0000 80 1.6 3.111
10257.5000 12210.0000 80 8.4 2.392
8690.0000 12650.0000 80 2.8 2.581
10340.0000 12897.5000 80 5.6 -0.707
16321.2500 13296.2500 80 11.1 1.491
20693.7500 14066.2500 80 4.1 1.295
12361.2500 14190.0000 80 5.4 1.534
4812.5000 14217.5000 80 2.4 2.434
13571.2500 14382.5000 80 22.9 2.371
5018.7500 14987.5000 80 4.0 2.034
7012.5000 16142.5000 80 20.6 1.175
5225.0000 16348.7500 80 5.8 2.303
22453.7500 16898.7500 80 2.3 -2.136
5225.0000 17751.2500 80 2.4 -17.753
6146.2500 17765.0000 80 4.3 3.066
4991.2500 18700.0000 80 3.2 -3.158
5898.7500 20597.5000 80 3.8 2.179
14575.0000 22082.5000 80 5.8 -0.750
28943.7500 22440.0000 80 5.7 1.195
20295.0000 22550.0000 80 26.6 1.078
32092.5000 26675.0000 80 5.4 1.567
22055.0000 28517.5000 80 21.8 1.097
19648.7500 36355.0000 80 2.6 3.444
30511.2500 39751.2500 80 10.4 1.632
12705.0000 2172.5000 81 14.2 1.538
8800.0000 9185.0000 81 5.1 1.376
14382.5000 10972.5000 81 4.1 1.712
7163.7500 11508.7500 81 5.6 6.158
13035.0000 11632.5000 81 11.4 1.868
16238.7500 11673.7500 81 8.5 1.382
10656.2500 11866.2500 81 3.1 5.973
7315.0000 12636.2500 81 5.9 1.392
8676.2500 12663.7500 81 2.9 1.367
10353.7500 12938.7500 81 5.3 1.700
16266.2500 13158.7500 81 17.1 1.511
17655.0000 13502.5000 81 8.3 1.847
16101.2500 13736.2500 81 12.6 4.244
15496.2500 13942.5000 81 9.4 -1.718
20693.7500 14066.2500 81 7.4 1.262
12278.7500 14162.5000 81 2.7 -12.431
14148.7500 14162.5000 81 17.6 1.126
17490.0000 14190.0000 81 4.8 9.267
4812.5000 14231.2500 81 2.0 2.870
5018.7500 14987.5000 81 3.5 1.821
21395.0000 15001.2500 81 2.9 2.216
7012.5000 16142.5000 81 18.8 1.420
2516.2500 16280.0000 81 2.2 3.370
17641.2500 16293.7500 81 5.8 1.319
5238.7500 16348.7500 81 5.2 1.537
22178.7500 16733.7500 81 5.2 3.681
5225.0000 17737.5000 81 3.9 17.889
6297.5000 17820.0000 81 6.1 -37.938
7260.0000 17930.0000 81 2.4 6.150
14547.5000 22055.0000 81 5.8 -1.537
20295.0000 22550.0000 81 26.6 1.528
22055.0000 28517.5000 81 22.1 1.113
10848.7500 31625.0000 81 3.0 10.930
6036.2500 31638.7500 81 4.7 2.436
30497.5000 39751.2500 81 11.2 1.245
12705.0000 2158.7500 82 5.5 -11.360
17737.5000 2873.7500 82 2.5 3.803
8772.5000 9198.7500 82 4.7 1.685
8208.7500 10298.7500 82 5.6 1.543
14465.0000 11041.2500 82 7.4 3.971
11343.7500 11165.0000 82 4.0 4.059
16665.0000 11866.2500 82 2.3 -5.332
10656.2500 11880.0000 82 2.7 -0.459
12938.7500 12141.2500 82 17.1 1.069
9776.2500 12457.5000 82 5.4 -2.907
17490.0000 12608.7500 82 5.9 4.247
8992.5000 12773.7500 82 2.9 2.766
10353.7500 12938.7500 82 5.8 2.063
16280.0000 13145.0000 82 14.2 2.091
20336.2500 13378.7500 82 3.2 2.708
17682.5000 13502.5000 82 14.4 1.372
16183.7500 13818.7500 82 9.8 1.429
11426.2500 14148.7500 82 1.8 3.326
5032.5000 14987.5000 82 3.7 1.582
31927.5000 15290.0000 82 3.4 2.020
2530.0000 16252.5000 82 2.7 -1.810
5225.0000 16321.2500 82 2.5 8.522
5211.2500 17806.2500 82 5.8 1.571
6586.2500 17806.2500 82 2.0 2.661
26496.2500 21835.0000 82 5.3 1.350
14616.2500 22096.2500 82 4.9 -1.550
20308.7500 22550.0000 82 26.5 1.256
5018.7500 24640.0000 82 2.6 2.332
22055.0000 28531.2500 82 22.2 1.099
22082.5000 30002.5000 82 3.0 -1.331
27527.5000 31336.2500 82 7.0 2.633
6036.2500 31638.7500 82 3.2 -17.098
30511.2500 39751.2500 82 10.4 1.900
8593.7500 9625.0000 83 10.2 2.006
8291.2500 10326.2500 83 16.3 6.066
14396.2500 10972.5000 83 11.6 1.571
15097.5000 11165.0000 83 4.1 -6.733
5046.2500 11316.2500 83 5.0 1.587
10683.7500 11825.0000 83 3.0 1.918
11508.7500 11893.7500 83 2.7 11.575
12925.0000 12155.0000 83 16.6 1.234
7315.0000 12650.0000 83 4.4 -0.187
17531.2500 12691.2500 83 4.7 71.249
8965.0000 12787.5000 83 3.2 2.644
10408.7500 12883.7500 83 7.4 3.696
22275.0000 13213.7500 83 1.7 1491.890
17311.2500 13653.7500 83 5.3 1.888
16170.0000 13942.5000 83 8.1 1.607
14245.0000 14176.2500 83 5.2 1.600
11426.2500 14203.7500 83 2.5 1.435
18768.7500 14341.2500 83 2.7 1.697
5032.5000 14973.7500 83 3.4 -4.152
7590.0000 15138.7500 83 7.8 1.323
31941.2500 15331.2500 83 3.4 1.371
6943.7500 15551.2500 83 3.7 1.661
22027.5000 16678.7500 83 7.4 2.052
7108.7500 16830.0000 83 13.5 1.867
8071.2500 21505.0000 83 2.1 -2.742
14547.5000 22082.5000 83 6.0 0.008
20295.0000 22563.7500 83 26.9 1.395
5018.7500 24667.5000 83 2.5 -25.382
7260.0000 25465.0000 83 5.1 2.449
22055.0000 28531.2500 83 22.1 1.167
6036.2500 31652.5000 83 4.1 1.783
23485.0000 32243.7500 83 2.1 3.764
17228.7500 32793.7500 83 3.8 2.108
30511.2500 39751.2500 83 10.2 1.498
